multi(Pmax=? [ F pc=-1 ], R{"defaultControllerUsed"}max=? [ C ]):
N	Result
1	[(0.0, 0.0)]
2	[(0.5650257876969242, 0.021721818169849576)]
3	[(0.637178715165043, 0.027500775088116082), (0.6821944483386232, 0.02466128095384179)]
4	[(0.7193252437601253, 0.035105377195236), (0.8517589676253441, 0.028228877411761645)]
5	[(0.7642703677586191, 0.03713464907518134), (0.0, 0.03822173344713857), (0.8879776410193506, 0.029340573556442366)]
6	[(0.6568600993094887, 0.04136008162340331), (0.0, 0.04224390549869467), (0.9063823088288432, 0.03013605842485087)]
7	[(0.6863151563637349, 0.047711707479162396), (0.7143039998280256, 0.04745134383311486), (0.8521909937728451, 0.039886425549092455), (0.9312935536081817, 0.03069839215323833)]
8	[(0.7452816529007735, 0.053221606528853695), (0.7557080131389825, 0.05313972952036764), (0.8951264886385955, 0.044752436297664115), (0.9636524172919945, 0.03147783623362225)]
9	[(0.7143010881486724, 0.05661705207323272), (0.7940383672838263, 0.05582524299493195), (0.9214529621099169, 0.04593061935384123), (0.9737654690983296, 0.03176982582578826)]
10	[(0.7017868971174748, 0.06040951818527113), (0.8148487864435741, 0.05895624721710577), (0.9099877728133073, 0.052197660491230105), (0.979347634749515, 0.03210687215291312)]
11	[(0.7561741094701415, 0.06429958841538824), (0.8031434349177874, 0.06381938718133519), (0.8776728031359297, 0.05971036951779748), (0.9263005394367572, 0.05557730752974331), (0.9680713246701971, 0.04390471211093), (0.9857130709472791, 0.03237513843529401)]
12	[(0.773329480481206, 0.06840460911309985), (0.8085601054658853, 0.06802578987727509), (0.8810273853199614, 0.06439845662408289), (0.939613907994871, 0.05882514863822226), (0.9748774566608249, 0.04741055173619747), (0.991178503646572, 0.03229715513434088)]
13	[(0.7644609301243781, 0.07145215301453368), (0.8328467231993285, 0.07061345585380638), (0.9246841783841916, 0.0643034491211138), (0.9525454726307556, 0.06007696184266434), (0.9807226079806785, 0.04833963806864061), (0.9937334883258792, 0.03233551170384911)]
14	[(0.7660311824076314, 0.07463900102039162), (0.8448199255475426, 0.073593815354958), (0.9295459684002356, 0.0678061962776842), (0.9622814717285785, 0.06169981319549665), (0.9800352443215954, 0.05415904472070973), (0.9952735865204949, 0.03253758766146128)]
15	[(0.7985677637220353, 0.07778324886270334), (0.8522562655278101, 0.07683125264636055), (0.9326396647057051, 0.07141556590440222), (0.9584089618923289, 0.06703816139845808), (0.9833591261130248, 0.05728047198002256), (0.9967642280885965, 0.032698745639739714)]
16	[(0.8105613941410266, 0.0809628889781753), (0.8736102679204739, 0.07941139405396347), (0.9445980001528703, 0.07397245912303453), (0.9712583268028496, 0.06753784360285243), (0.9886530684986969, 0.057334770809281455), (0.9978728807540516, 0.03249452576041358)]
17	[(0.809694361386682, 0.08356689382775943), (0.8713957247995181, 0.0825261053319068), (0.9453288435681003, 0.07704635856588515), (0.9740432936231218, 0.07012626005895288), (0.9917803525844054, 0.05748120595483451), (0.9985019786944944, 0.032471196622439226)]
18	[(0.8143964259113998, 0.08619222071538576), (0.881476064938046, 0.08499508228595481), (0.9490338024878777, 0.07989889242010245), (0.9796400476352236, 0.07178972238116575), (0.994248841212838, 0.05776828767937091), (0.9988965319189711, 0.03263673404522986)]
19	[(0.8338690930773243, 0.0887386184496794), (0.8991705403096941, 0.08692330481015798), (0.9539637552511787, 0.08248012463464316), (0.9816980091436855, 0.07468826065897191), (0.9946883374054205, 0.061574997171390845), (0.9992402867589406, 0.03277044201119375)]
20	[(0.8428909658124544, 0.09125087217372779), (0.9066873591362693, 0.08944377668161095), (0.9559648651365593, 0.08537865575500257), (0.9855055984328, 0.07629786156416782), (0.9963320855604908, 0.06151998541411624), (0.9994890309061779, 0.032541889027081716)]
21	[(0.8457568018391959, 0.09343344640480424), (0.9160013242320694, 0.09140538312194557), (0.964379812908638, 0.08669222227612658), (0.9881175772464439, 0.07786868622231713), (0.9966897820139705, 0.06452188063777728), (0.9996421055183211, 0.03250374704305178)]
22	[(0.8512276477752856, 0.09558510239018139), (0.9203098892069472, 0.09364536886518621), (0.9657292960016312, 0.08920590234631065), (0.9883871707912755, 0.0810526824657567), (0.9976618316145243, 0.06461630774049988), (0.9997399804565109, 0.032660090367415066)]
23	[(0.8636288286155562, 0.09765222696869591), (0.9281729694605785, 0.09555906823813526), (0.9672039891847803, 0.09171198732436162), (0.98949117793534, 0.08347281127675897), (0.9976838712512472, 0.06876895533855522), (0.9998194830288452, 0.03278714404913097)]
24	[(0.8706787667779784, 0.09966115232866593), (0.933644275730089, 0.0975702463622701), (0.971779365957868, 0.09338760408444252), (0.9921122592680722, 0.08420413769144307), (0.9983591413679559, 0.06888797568455146), (0.9998774761818499, 0.0325532184404433)]
25	[(0.8747332535036745, 0.10146976389597247), (0.9358549934472348, 0.09953694310703763), (0.9727453478364334, 0.09559405711948582), (0.9927355526005384, 0.08654440699079168), (0.9985024175892646, 0.07173055786094945), (0.9999145080007343, 0.03251154214563111)]
26	[(0.8799547243046011, 0.10322822217948782), (0.939212298377646, 0.10137871054585793), (0.9742465179444126, 0.09758367800707136), (0.9931914013343663, 0.08892367631347037), (0.9988372639495876, 0.07296055191801272), (0.9999385208333621, 0.0325379012021049)]
27	[(0.8883746119625529, 0.10490877064928356), (0.9434245214914586, 0.10307517971346666), (0.9753310829148882, 0.09962334712430924), (0.9934732377676809, 0.09142443283026694), (0.9989609982827461, 0.07569054357824362), (0.9999571011644829, 0.03255903153232089)]
28	[(0.8939995358001587, 0.10652725631562422), (0.9465188027743836, 0.1047741600289702), (0.9791401339023611, 0.10089618208093208), (0.9943719496568033, 0.09294698706664209), (0.9990586447207701, 0.07827142186015591), (0.9999706769032868, 0.03251755484216792)]
29	[(0.8981443477749309, 0.10801591965909008), (0.9520540060569694, 0.10612168705302548), (0.9803156641931512, 0.10262082908556605), (0.9955946415568732, 0.09377748034331476), (0.9993377816333721, 0.07833655078632268), (0.9999795833581546, 0.03250535358276079)]
30	[(0.9027520692562242, 0.10945087265414837), (0.9563135931960217, 0.10751043288247603), (0.9818841745148659, 0.10415488778000978), (0.996081188359962, 0.09547505596700648), (0.9993550001486866, 0.08145718334125819), (0.9999854323542163, 0.03250878071671061)]

Pmax=? [ (F pc=-1)&(G pc!=-2) ]:
N	Result
1	0.0
2	0.5454761513440597
3	0.6591074613960434
4	0.8245163392650834
5	0.860064726509537
6	0.8773736953733788
7	0.9014708547792208
8	0.932813542700721
9	0.9425474658918886
10	0.9477029529244488
11	0.953733631196114
12	0.9591562616058842
13	0.9616231244521561
14	0.962998923716613
15	0.9645240651344473
16	0.9677543058022651
17	0.9706197505101279
18	0.9730580784776095
19	0.975115957013589
20	0.97688062874056
21	0.9784165333184164
22	0.9797400360468425
23	0.9808789503860551
24	0.9818602756713783
25	0.9827188752810403
26	0.9834615336355021
27	0.9841018820715453
28	0.9846547791643535
29	0.9851319138888408
30	0.9855433185794265

Pmax=? [ (F pc=-1) ]/Pmax=? [ (G pc!=-2) ]:
N	Result
1	0.0
2	0.5657565814945699
3	0.6839113413513982
4	0.854880389330669
5	0.8919771528544993
6	0.9110307393947771
7	0.9366245834513502
8	0.9697232882268896
9	0.980435018228191
10	0.9865644232599606
11	0.9934613756827205
12	0.9994310137946133
13	1.002445107272522
14	1.0044138897587704
15	1.0063118875958306
16	1.0078042744526952
17	1.0087930958535403
18	1.0095264781390814
19	1.0101909231233788
20	1.0107318984266724
21	1.010993928075565
22	1.0111778048805424
23	1.0113373413429345
24	1.0114699089030292
25	1.0115685038529694
26	1.011645375529055
27	1.011709510011705
28	1.0117607262763466
29	1.0118018211863535
30	1.011835402061587

Pmax=? [ (F pc=-1)&(G pc!=-2) ]/Pmax=? [ (G pc!=-2) ]:
N	Result
1	0.0
2	0.546181660007285
3	0.6607662509067095
4	0.8275379255302122
5	0.8639385166747039
6	0.8818733537003267
7	0.9066311697099485
8	0.9386901331833892
9	0.9490031955624151
10	0.9546865525567974
11	0.9612305580693942
12	0.9671421559259263
13	0.9700532461385738
14	0.9718428258355531
15	0.9737629072805299
16	0.9773859424561853
17	0.9806234978094291
18	0.9834130597153291
19	0.9858022155214284
20	0.987869182917956
21	0.9895273205744659
22	0.9909490449930147
23	0.9921786147996685
24	0.9932438195365486
25	0.9941724561062049
26	0.9949754827203002
27	0.9956679458523479
28	0.9962642480159846
29	0.9967786354815572
30	0.9972221620473734

Pmax=? [ (F pc=-1) ]:
N	Result
1	0.0
2	0.5650257876969242
3	0.6821944483386232
4	0.8517589676253441
5	0.8879776410193506
6	0.9063823088288432
7	0.9312935536081817
8	0.9636524172919945
9	0.9737654690983298
10	0.9793476347495176
11	0.9857130709472983
12	0.9911785036466143
13	0.9937334883259326
14	0.9952735865206482
15	0.9967642280888681
16	0.9978728807543137
17	0.9985019787930762
18	0.9988965321191074
19	0.9992402870050987
20	0.9994890310341725
21	0.9996421056261513
22	0.9997399805864016
23	0.9998194831713606
24	0.9998774762597837
25	0.999914508061888
26	0.9999385208899169
27	0.9999571012200141
28	0.9999706769391346
29	0.9999795632657994
30	0.9999854174485865

Pmax=? [ F pc=-2 ]:
N	Result
1	0.0
2	0.021721818169849576
3	0.027483828261609132
4	0.03507419368717141
5	0.0381791660467434
6	0.04217940495297896
7	0.04761893382157814
8	0.05309758855816053
9	0.05646343064483706
10	0.06021623714804282
11	0.06406497991623473
12	0.06812955817925435
13	0.07113473728999263
14	0.07427477940893154
15	0.07737266425844022
16	0.0805047681808795
17	0.08306094815189571
18	0.08563695792809324
19	0.088134513472997
20	0.09059701451722714
21	0.09273044611262239
22	0.09483253423153225
23	0.09685075831934778
24	0.09881048917866414
25	0.10057082905141838
26	0.10228121960304515
27	0.10391452218713157
28	0.1054859454482582
29	0.10692862987081403
30	0.10831815724731347

Pmax=? [ F pc=-2 ]/Pmax=? [ G pc!=-1 ]:
N	Result
1	0.0
2	0.021927225828205648
3	0.028022052097434424
4	0.03613287516860094
5	0.03975908464978998
6	0.044420610702370245
7	0.05073463044114852
8	0.05725150143385867
9	0.061630201088663204
10	0.06655230277280932
11	0.0717111655178556
12	0.07725002704303521
13	0.08171673346719369
14	0.08645626802645838
15	0.09126829357818327
16	0.09624442323266588
17	0.10064927863989043
18	0.10518838471498
19	0.10974222637372996
20	0.1143634805580015
21	0.11867594651374086
22	0.1230503460710482
23	0.12741758895002464
24	0.13180863653982397
25	0.13603135759032436
26	0.14028111179753133
27	0.1445188755281281
28	0.1487631915927449
29	0.15291631275017512
30	0.15708163593501936

Pmax=? [ (F pc=-2)&(G pc!=-1) ]/Pmax=? [ G pc!=-1 ]:
N	Result
1	0.0
2	0.0021927225828205646
3	0.002319178487598036
4	0.002669495781622628
5	0.01411345312619083
6	0.014307712894855119
7	0.014354300928412627
8	0.015301913358498993
9	0.01678593254463422
10	0.017347717310033046
11	0.022742977538031013
12	0.024199821901954677
13	0.025067012492819025
14	0.026144654320546013
15	0.027616103533858512
16	0.02836491455608714
17	0.030941204538523545
18	0.03233937379937972
19	0.03335781671567822
20	0.0343491853832716
21	0.03555654569143593
22	0.03636281795030723
23	0.03781350101485314
24	0.03891957481897708
25	0.03983564595404096
26	0.04067989468320541
27	0.041620412753866944
28	0.04236234779978
29	0.04331026892441712
30	0.04415257728817765

Pmin=? [ F k=N ]:
N	Result
1	1.0
2	1.0
3	0.4349742123030757
4	0.3178055516613768
5	0.14824103237465597
6	0.11202235898064966
7	0.09361769117061414
8	0.06870644638557795
9	0.036347582688098956
10	0.026234530873527534
11	0.020652365188922762
12	0.014286928967608598
13	0.008821496276382353
14	0.006266511625914578
15	0.004726413404254866
16	0.003235771826470742
17	0.00212711919355039
18	0.0014980142589363385
19	0.0011034609701499668
20	7.597062088226113E-4
21	5.109648982960077E-4
22	3.578914656742719E-4
23	2.600167358973395E-4
24	1.8051428609473216E-4
25	1.2252220600473765E-4
26	8.549086209515923E-5
27	6.14782201706079E-5
28	4.2897998619309226E-5
29	2.9322542361349264E-5
30	2.0416254784597926E-5

Pmin=? [ (F k=N)&(G pc>0) ]:
N	Result
1	0.0
2	0.0
3	0.0
4	0.0
5	0.0
6	0.0
7	0.0
8	0.0
9	0.0
10	0.0
11	0.0
12	0.0
13	0.0
14	0.0
15	0.0
16	0.0
17	0.0
18	0.0
19	0.0
20	0.0
21	0.0
22	0.0
23	0.0
24	0.0
25	0.0
26	0.0
27	0.0
28	0.0
29	0.0
30	0.0

Pmin=? [ (F k=N)&(G pc!=-2) ]/Pmin=? [ (F k=N) ]:
N	Result
1	1.0
2	0.9782781818301505
3	0.9882873567435297
4	0.9839187612223882
5	0.9861003195291449
6	0.9818783309056635
7	0.9847330722048658
8	0.9846196926368398
9	0.9802300104211887
10	0.9767439496156922
11	0.9770230192569397
12	0.9736626179282666
13	0.9737290668010842
14	0.9722175311409436
15	0.9706837125694862
16	0.9661922055870521
17	0.9676599110908525
18	0.9671217681883008
19	0.9648030828660664
20	0.9598937888578267
21	0.9617825811861221
22	0.9617684945151992
23	0.9590796436592369
24	0.9580244724603982
25	0.9600780542873559
26	0.9605631879882767
27	0.9582022323563005
28	0.9539726077012434
29	0.9547781434205542
30	0.9551308580109983

Pmax=? [ pc!=-2 U<=N false ]:
N	Result
1	0.0
2	0.0
3	0.0
4	0.0
5	0.0
6	0.0
7	0.0
8	0.0
9	0.0
10	0.0
11	0.0
12	0.0
13	0.0
14	0.0
15	0.0
16	0.0
17	0.0
18	0.0
19	0.0
20	0.0
21	0.0
22	0.0
23	0.0
24	0.0
25	0.0
26	0.0
27	0.0
28	0.0
29	0.0
30	0.0

Pmin=? [ pc>0 U k=N ]:
N	Result
1	1.0
2	0.0
3	0.0
4	0.0
5	0.0
6	0.0
7	0.0
8	0.0
9	0.0
10	0.0
11	0.0
12	0.0
13	0.0
14	0.0
15	0.0
16	0.0
17	0.0
18	0.0
19	0.0
20	0.0
21	0.0
22	0.0
23	0.0
24	0.0
25	0.0
26	0.0
27	0.0
28	0.0
29	0.0
30	0.0
