multi(Pmax=? [ F pc=-1 ], Pmax=? [ F pc=-2 ]):
N	Result
1	[(0.0, 0.2152418134013226)]
2	[(0.5478014368340873, 0.7538910993402372)]
3	[(0.714550784854752, 0.8448804577537588), (0.7312286730494123, 0.835909881858848), (0.7314303037960938, 0.8343413234852713)]
4	[(0.850724710885804, 0.8884718118973102), (0.8702353165282026, 0.864179648218844), (0.8666123988206758, 0.8730141002336813), (0.8702827854064441, 0.7586907158048255), (0.8549835878780147, 0.8856945788053995)]
5	[(0.8808222305816471, 0.9058077780548328), (0.8953067565476581, 0.9032168600396884), (0.8994826962005611, 0.89950279285374), (0.9122125472181947, 0.8820758704623946), (0.9132940050647577, 0.8735934625342172), (0.913313618830778, 0.7966023062474474)]
6	[(0.928632407352803, 0.9176276667555379), (0.9422061509869526, 0.913552008657081), (0.9536856085079191, 0.8798618280402395), (0.955452281324829, 0.6627611494127739)]
7	[(0.9497228030073785, 0.9216869049070211), (0.9634971202820863, 0.9183451711411674), (0.9720758769754687, 0.8817148396696846), (0.9741291465508719, 0.673022780061804)]
8	[(0.9649313764251979, 0.924008318374036), (0.9788066664068198, 0.9197829447988894), (0.9835966905325234, 0.8823284600663122), (0.9867565569589273, 0.6842116479785088)]
9	[(0.974665249268529, 0.9254851182730512), (0.9857305017592944, 0.921331010123384), (0.9894113141036428, 0.8825393448508307), (0.9922884689699676, 0.6895023141670409)]
10	[(0.9823250936629442, 0.9264669658396201), (0.9906602102105722, 0.9226810233301594), (0.9935077667814551, 0.8826398592054261), (0.9957510990664813, 0.689330882589821)]
11	[(0.9875108992453356, 0.9271206574137991), (0.9938701265160756, 0.9233823260352734), (0.9958182005893204, 0.8826596797787827), (0.9974846994351407, 0.6905338512388828)]
12	[(0.991240411631474, 0.9275618307717004), (0.9958631929997027, 0.9244694761445797), (0.9972587631900367, 0.8889000174476798), (0.9985188635371312, 0.6913306505034025)]
13	[(0.9938142774524216, 0.9278629709804265), (0.9971586239683282, 0.9251281592379581), (0.9981933077972056, 0.8884408619829969), (0.999086015717243, 0.6918488184511642)]
14	[(0.9956554639333229, 0.9280700832668941), (0.9980703592904462, 0.9255584817024108), (0.9987702343260046, 0.8963979441961057), (0.9994340739492255, 0.6921090454951904)]
15	[(0.9969437078290638, 0.9282132334285637), (0.9985627860568383, 0.9263134569373707), (0.9991746759568064, 0.8975430201478539), (0.999639807585869, 0.6922937327714316)]
16	[(0.9978558510504559, 0.9283123196374089), (0.9989719405960727, 0.9266914912295666), (0.9994453384572275, 0.8985174283775017), (0.9997680195589008, 0.692414624429835)]
17	[(0.9984957217549425, 0.928381005675126), (0.9991002173727135, 0.9275532583740829), (0.9996252983018562, 0.8987023837522137), (0.9998479683030215, 0.6924923262097127)]
18	[(0.9989458881516731, 0.9284287671545373), (0.9992870370104783, 0.9280006274076129), (0.9997467553141809, 0.8987005860763163), (0.9998997084980169, 0.6925418014136101)]
19	[(0.9992615710345292, 0.9284619485322938), (0.9994679311869952, 0.9282211108250188), (0.9998254777735878, 0.9001224149471859), (0.9999330103658799, 0.6925743743351815)]
20	[(0.9994829834410748, 0.9284849212029254), (0.9996145691785484, 0.9283387539971263), (0.9998598083340311, 0.915585895038562), (0.9999551159098568, 0.6925962367153414)]
21	[(0.9996381180946394, 0.9285009982117752), (0.999724657109865, 0.9284081344364157), (0.9999023540340872, 0.9175786027669522), (0.9999696038767474, 0.692610639213366)]
22	[(0.9997467692965184, 0.9285119982073526), (0.9998048196709882, 0.9284511992334004), (0.9999332289494101, 0.9176908385298845), (0.9999794640761974, 0.6926204372272846)]
23	[(0.9998228589489424, 0.9285198445009498), (0.9998623168573739, 0.9284791916231492), (0.9999538557043228, 0.9187318762370652), (0.9999859725959047, 0.6926269222152219)]
24	[(0.9998760768464521, 0.9285250624290876), (0.9999031318776285, 0.9284974810084147), (0.9999684256702519, 0.9187317245764911), (0.9999903653368061, 0.6926313068662376)]
25	[(0.9999133513205914, 0.9285289417018167), (0.999932004302744, 0.9285100510174793), (0.9999783484348549, 0.9187316075953353), (0.9999931643106699, 0.6926341028353447)]
26	[(0.9999393775852388, 0.928531392604018), (0.9999522878815648, 0.9285183773802972), (0.9999851078877026, 0.9187313916500155)]
27	[(0.999966512604993, 0.9285239955623039), (0.999989677326759, 0.9190299106036435)]
28	[(0.9999764683605967, 0.92852779079517), (0.9999928329661925, 0.919037527687618)]
29	[(0.9999834298491581, 0.9285303755417745), (0.9999948220177461, 0.9190628087885228)]
30	[(0.99998830016915, 0.928532171159114), (0.9999986464563755, 0.6926395820305165)]

Pmax=? [ (F pc=-1)&(G pc!=-2) ]:
N	Result
1	0.0
2	0.06003557865832267
3	0.0660638759213919
4	0.2717548545203761
5	0.29586481974924433
6	0.30070047557308854
7	0.3014644369890278
8	0.30598064856546164
9	0.30694448843242794
10	0.3071393217454079
11	0.30719972393629874
12	0.30731066264534684
13	0.30734410810510826
14	0.3073519050996821
15	0.3073545873619776
16	0.30735747671462926
17	0.3073585432225345
18	0.3073588319122663
19	0.3073588319122663
20	0.30735893440798284
21	0.3073590138879654
22	0.3073590138879654
23	0.3073590138879654
24	0.3073590138879654
25	0.3073590138879654
26	0.3073590138879654
27	0.3073590138879654
28	0.3073590138879654
29	0.3073590138879654
30	0.3073590138879654

Pmax=? [ (F pc=-1) ]/Pmax=? [ (G pc!=-2) ]:
N	Result
1	0.0
2	0.9511837578364448
3	1.4238693718219568
4	1.9547485094846226
5	2.331017775309823
6	2.7021262782214905
7	2.97837303063651
8	3.1603851606420448
9	3.20422773188168
10	3.226497758438904
11	3.2393477786009033
12	3.246872991121672
13	3.249759756714293
14	3.251278264752988
15	3.252169434329974
16	3.25270640945332
17	3.2530033884418605
18	3.253184988466939
19	3.2532989277654205
20	3.2533708484851362
21	3.253417985478482
22	3.2534494558827944
23	3.2534712414802534
24	3.2534849065955234
25	3.2534946427790428
26	3.2534982719965377
27	3.253503774938517
28	3.2535076440471475
29	3.2535103613468253
30	3.2535122706702753

Pmax=? [ (F pc=-1)&(G pc!=-2) ]/Pmax=? [ (G pc!=-2) ]:
N	Result
1	0.0
2	0.10424373408389614
3	0.1286060052750283
4	0.6103905600876915
5	0.7551252271998684
6	0.8504146913471052
7	0.9217192114652022
8	0.9799952119397618
9	0.9911634295260445
10	0.9952128941349438
11	0.9976360979605843
12	0.9992787586328619
13	0.9997082315942153
14	0.9998524112074441
15	0.9999293614743283
16	0.9999756092827696
17	0.9999904128013473
18	0.999995429090198
19	0.9999971477177558
20	0.9999974811892995
21	0.9999977397787644
22	0.9999977397787644
23	0.9999977397787644
24	0.9999977397787644
25	0.9999977397787644
26	0.9999977397787644
27	0.9999977397787644
28	0.9999977397787644
29	0.9999977397787644
30	0.9999977397787644

Pmax=? [ (F pc=-1) ]:
N	Result
1	0.0
2	0.5478014368340873
3	0.7314303037960938
4	0.8702827854064441
5	0.913313618830778
6	0.955452281324829
7	0.9741291465508719
8	0.9867565569589273
9	0.9922884689699676
10	0.9957510990664813
11	0.9974846994351407
12	0.9985188635371312
13	0.9990860157172756
14	0.9994340739492329
15	0.9996398076019372
16	0.9997680195621352
17	0.9998479683105534
18	0.9998997085010966
19	0.999933010390579
20	0.9999551159220325
21	0.9999696039345709
22	0.9999792766688695
23	0.9999859726837559
24	0.9999901727896032
25	0.9999931653001325
26	0.9999942807753641
27	0.9999959721580073
28	0.9999971613661085
29	0.9999979965545455
30	0.9999985834036448

Pmax=? [ F pc=-2 ]:
N	Result
1	0.2152418134013226
2	0.7538910993402372
3	0.8448804577537588
4	0.8884718118973103
5	0.905807778054833
6	0.9176276667555379
7	0.9216869049070213
8	0.9240091217418303
9	0.9254856685785944
10	0.9264673478485608
11	0.9271209241136817
12	0.9275620168090752
13	0.9278631005671467
14	0.9280701826005897
15	0.9282132378379373
16	0.9283123217824878
17	0.9283810601967932
18	0.928428793997051
19	0.9284619617637773
20	0.9284850168725933
21	0.9285010462219132
22	0.9285121923518123
23	0.9285199435441507
24	0.9285253341175244
25	0.9285290831121424
26	0.9285316904831282
27	0.9285335038922742
28	0.9285347651150173
29	0.928535642296836
30	0.9285362523793346

Pmax=? [ F pc=-2 ]/Pmax=? [ G pc!=-1 ]:
N	Result
1	0.2152418134013226
2	0.825699211540633
3	1.0125621798061568
4	1.1835311156951438
5	1.3519947982156115
6	1.5473622643508198
7	1.7649157100814952
8	2.0171579466241822
9	2.3099250030002385
10	2.6494297205173334
11	3.0424526181719016
12	3.496805799061299
13	4.021394539158533
14	4.626383932677613
15	5.323367298085104
16	6.125552835148
17	7.0480004722658665
18	8.107831890370878
19	9.324512034228295
20	10.720196765827907
21	12.31999403943744
22	14.152380540627645
23	16.24972531183725
24	18.64852571432707
25	21.39036769000726
26	24.521865528897003
27	28.096358436659067
28	32.17348420732681
29	36.82053771421212
30	42.114340885845564

Pmax=? [ (F pc=-2)&(G pc!=-1) ]/Pmax=? [ G pc!=-1 ]:
N	Result
1	0.2152418134013226
2	0.37785270153392186
3	0.4915488844136834
4	0.5780751535648333
5	0.6526844106512603
6	0.7109376607010816
7	0.757560641493772
8	0.7954032688483009
9	0.826551754938858
10	0.8524585250174845
11	0.8741869298296693
12	0.8925269937259385
13	0.9080817217611149
14	0.9213214763005184
15	0.9326210430302051
16	0.9422826326296241
17	0.9505563159970267
18	0.9576471485477709
19	0.9637269718776829
20	0.9689440334791692
21	0.9734197711931372
22	0.9772580952254806
23	0.980552768418303
24	0.983374472156769
25	0.9857976611995972
26	0.9878676403322766
27	0.9896482913296658
28	0.9911723061718352
29	0.9924687684129626
30	0.9935860268640914

Pmin=? [ F k=N ]:
N	Result
1	1.0
2	1.0
3	0.45219856316591284
4	0.26856969620390636
5	0.12971721459355615
6	0.08668638116922235
7	0.04454771867517131
8	0.025870853449128137
9	0.013243443041072894
10	0.007711531030032659
11	0.0042489009335187015
12	0.0025152868252511567
13	0.0014811315647160234
14	9.139264656913475E-4
15	5.659007899707632E-4
16	3.600638092606731E-4
17	2.319151630965403E-4
18	1.5182165959419774E-4
19	1.001810929555038E-4
20	6.674087926865343E-5
21	4.475053003656091E-5
22	3.0168624248117892E-5
23	2.0411743348239935E-5
24	1.38541868139587E-5
25	9.425442153018799E-6
26	6.423895405841986E-6
27	4.383941437600605E-6
28	2.9949543398211974E-6
29	2.0476992315618846E-6
30	1.4009023165322898E-6

Pmin=? [ (F k=N)&(G pc>0) ]:
N	Result
1	0.0
2	0.0
3	0.0
4	0.0
5	0.0
6	0.0
7	0.0
8	0.0
9	0.0
10	0.0
11	0.0
12	0.0
13	0.0
14	0.0
15	0.0
16	0.0
17	0.0
18	0.0
19	0.0
20	0.0
21	0.0
22	0.0
23	0.0
24	0.0
25	0.0
26	0.0
27	0.0
28	0.0
29	0.0
30	0.0

Pmin=? [ (F k=N)&(G pc!=-2) ]/Pmin=? [ (F k=N) ]:
N	Result
1	0.7847581865986775
2	0.24610890065976276
3	0.23584852729878059
4	0.22786674588399883
5	0.104755934530731
6	0.045504190095014746
7	0.0319647739406726
8	0.02434681736049505
9	0.016755333276420127
10	0.009876554279923254
11	0.006536803750505974
12	0.004416356127385979
13	0.002791565287165644
14	0.001619348725677638
15	0.0011512472321561823
16	0.0018093785083998317
17	0.002809181208464748
18	0.004291164514142465
19	0.006503140452043214
20	0.009761509366791158
21	0.014558301713891957
22	0.021595009197990934
23	0.03191749509161916
24	0.04702489773506099
25	0.06912054708438024
26	0.10141692492943798
27	0.1486086726754747
28	0.2175297664697396
29	0.31815791503321134
30	0.46505149605398755

Pmax=? [ pc!=-2 U<=N false ]:
N	Result
1	0.0
2	0.0
3	0.0
4	0.0
5	0.0
6	0.0
7	0.0
8	0.0
9	0.0
10	0.0
11	0.0
12	0.0
13	0.0
14	0.0
15	0.0
16	0.0
17	0.0
18	0.0
19	0.0
20	0.0
21	0.0
22	0.0
23	0.0
24	0.0
25	0.0
26	0.0
27	0.0
28	0.0
29	0.0
30	0.0

Pmin=? [ pc>0 U k=N ]:
N	Result
1	1.0
2	0.0
3	0.0
4	0.0
5	0.0
6	0.0
7	0.0
8	0.0
9	0.0
10	0.0
11	0.0
12	0.0
13	0.0
14	0.0
15	0.0
16	0.0
17	0.0
18	0.0
19	0.0
20	0.0
21	0.0
22	0.0
23	0.0
24	0.0
25	0.0
26	0.0
27	0.0
28	0.0
29	0.0
30	0.0
