N	Result
0	Error: Invalid range (0-0) for variable "beta" ("[0..N]", line 33, column 10).
1	[(0.0, 0.2152418134013226)]
2	[(0.5478014368340873, 0.8069955465463086)]
3	[(0.7142544701347399, 1.0528487805475206), (0.7312251334841882, 1.0437207289749035), (0.7314303037960938, 1.0421246350455504)]
4	[(0.7442260941345678, 1.207797735485241), (0.7449099280457997, 1.2076476290733102), (0.8457419578100899, 1.1822048334956348), (0.8665715653864471, 1.160538039005118), (0.8702827854064441, 1.1446959823409433)]
5	[(0.7608309881911381, 1.3479667032021285), (0.8540486305556939, 1.3248611229222087), (0.8649850747587213, 1.3174798001225423), (0.9093961848466869, 1.2192366358642523), (0.913313618830778, 1.1917784549137347)]
6	[(0.7909416849397881, 1.4812454938734607), (0.8007923321443827, 1.4791538725613091), (0.8679130489691077, 1.4621924075244703), (0.891962299089183, 1.4321980123308864), (0.9513692106099123, 1.2615194397523921), (0.9536815089440869, 1.238455087945485), (0.955452281324829, 1.0207041349242088)]
7	[(0.8186969635243193, 1.59616579648279), (0.8810509660269296, 1.5807825532888824), (0.8845558888252519, 1.5790404687479314), (0.9259196747394896, 1.4979109140262437), (0.9557872030621843, 1.402510476393585), (0.9717317184277229, 1.2611774263523983), (0.9741291465508719, 0.9889271969014467)]
8	[(0.8423437022088187, 1.6953498988609763), (0.8963119406840512, 1.6821777884778302), (0.9025011408919508, 1.6785381893097766), (0.9831150687727381, 1.273722676675287), (0.9721378249232242, 1.4357395644696105), (0.9867565569589273, 0.9867900904804565), (0.91688395187368, 1.6565968786840553), (0.9555110445914969, 1.5529399916309483), (0.9602376670676847, 1.5311835796112836)]
9	[(0.8625914647482922, 1.7813165790378689), (0.9091164777859495, 1.7700558805398883), (0.914670166103393, 1.766811608467439), (0.9882643945660013, 1.302064283528157), (0.9758405626974018, 1.5482846111506405), (0.9922884689699676, 0.9894221363217657), (0.927891908551288, 1.7466315715975875), (0.9603239841318538, 1.6595999612067864), (0.9649071024682361, 1.638415953070442)]
10	[(0.8801775672208467, 1.8560857047531767), (0.920155915242453, 1.8464714987828859), (0.9251661921246304, 1.8435550906187224), (0.9895544409072564, 1.435315273028688), (0.9788937066473552, 1.6527871577280757), (0.9957510990664813, 0.9856482622132079), (0.9374283247658873, 1.8247656193513688), (0.9652188468182662, 1.750149550360681), (0.9697341689776345, 1.7284420562461333)]
11	[(0.8954408481481311, 1.9211672419435886), (0.9304602130488983, 1.9127439830979605), (0.935640948781108, 1.9090426948298886), (0.9933083866451464, 1.4365899924729462), (0.9869883243863258, 1.6660706034554167), (0.9974846994351407, 0.985050542826414), (0.9457629806367228, 1.8924671833314894), (0.9702112132485361, 1.825859523475099), (0.9805255162398248, 1.7528440077622602)]
12	[(0.9086899935965693, 1.9778825928539499), (0.9388104331293037, 1.970660679434862), (0.9434162803042789, 1.9673535476952793), (0.9954505983066122, 1.449307111530567), (0.9888268589408575, 1.7498976031730529), (0.9985188635371312, 0.9847451391664017), (0.9527456121900187, 1.952035661569036), (0.9737329028893321, 1.8947486989403524), (0.9828668592376333, 1.8304225683054975)]
13	[(0.9201983688891349, 2.027363630397466), (0.9501957772898234, 2.0182113202792693), (0.9961521718134305, 1.5503562394383783), (0.9903940216620204, 1.8225138673114512), (0.999086015717243, 0.984764285189172), (0.9587375213171221, 2.0041671929364013), (0.9775100293062942, 1.9513054228826219), (0.9855222756223989, 1.8918111001596876)]
14	[(0.9302031207153135, 2.0705797518703517), (0.9561185462471071, 2.0626169280128313), (0.9970422375856993, 1.6083873834427376), (0.9918004549962565, 1.8843632119939229), (0.9994340739492255, 0.984690724612476), (0.9704446899946414, 2.033638072343607), (0.9817324936611324, 1.996108668239083), (0.9876084684343891, 1.9474830274529056)]
15	[(0.9389070023702618, 2.108361660272664), (0.9613011595048652, 2.101427584849836), (0.9838859439782772, 2.0427939864485345), (0.9928637362056776, 1.9418599557388503), (0.997800169557313, 1.653661237116367), (0.999639807585869, 0.984737587095081)]
16	[(0.9464846247096576, 2.14142401032074), (0.9658426404730105, 2.1353804735640187), (0.9988720466210075, 1.594503429260444), (0.9951604616015843, 1.949354901839172), (0.9997680195589008, 0.984783583040099), (0.976986166397148, 2.113132485917238), (0.9857705301787819, 2.0836425070419256), (0.9908760220570455, 2.0389102331354825)]
17	[(0.9530865696121882, 2.1703826616756943), (0.9711526321756584, 2.1635547823250563), (0.9874230589445091, 2.11941930284564), (0.9958460511040437, 1.9964875662256623), (0.9990245634898782, 1.68654589276703), (0.9998479683030215, 0.9848207387472339)]
18	[(0.9588429342753237, 2.1957691875646663), (0.974576267616614, 2.1897001480776535), (0.9915616116294688, 2.1298629110229386), (0.9971142011049641, 2.0074357025871588), (0.9993787440940756, 1.6867975051808117), (0.9998997084980169, 0.9848457318501684)]
19	[(0.9638656109642576, 2.2180430726897553), (0.9775761922487861, 2.2126459349188994), (0.9925132816198928, 2.159959404129359), (0.9975664608619463, 2.0456868736128215), (0.9994577873569013, 1.7677900456174416), (0.9999330103658799, 0.9848668879027358)]
20	[(0.9682517976684728, 2.2376020254302516), (0.980207393149096, 2.232800207562796), (0.9935478918367256, 2.184736671273452), (0.997874675809715, 2.083563242454389), (0.999544826292784, 1.8299496761278755), (0.9999551159098568, 0.9848823273071068)]
21	[(0.9720849179040981, 2.254790697718419), (0.9825175486505303, 2.250516676568176), (0.994268437427678, 2.2081213010645464), (0.9982912336629384, 2.1065667573302798), (0.9996962155325652, 1.8377549620848015), (0.9999696038767474, 0.9848930888666001)]
22	[(0.975437168840832, 2.2699080987261815), (0.9845473563544354, 2.266102290185513), (0.9950559068216369, 2.2271835922791716), (0.9987534352221694, 2.1180218528080967), (0.9997481019396371, 1.888235114662443), (0.9999792764992855, 0.9849005349758755)]
23	[(0.9783714742887168, 2.2832139182414455), (0.9863327256007861, 2.2798236930697042), (0.9959161737274391, 2.242170980608872), (0.9989174387646431, 2.146718077189119), (0.9998278132490085, 1.896735998297039), (0.9999859725959047, 0.9849058611573757)]
24	[(0.9809307391149985, 2.2949388625780465), (0.9879041492754776, 2.291912760571461), (0.9991731775143787, 2.1604119622160476), (0.9999901721540945, 0.984909442847677)]
25	[(0.9831700907296349, 2.305282336263166), (0.9892833018016798, 2.3025811698020213), (0.999289599900882, 2.183415049739463), (0.9999931643106699, 0.9849119454215385)]
26	[(0.9851329621953604, 2.3144158613288672), (0.9904972468668622, 2.3120042106850858), (0.9994649751959823, 2.1939914153985485), (0.9999942714421117, 0.9849127888119006)]
27	[(0.9868561178701001, 2.322487810217001), (0.9915671567460502, 2.3203342003575838), (0.9995810766398758, 2.2073815091323254), (0.999995965216329, 0.9849142154038136)]
28	[(0.9883712002276677, 2.3296270653216458), (0.9925119741419104, 2.32770341667258), (0.9996363412104603, 2.2259731207714366), (0.9999971564972995, 0.9849152370366088)]
29	[(0.9897044038001073, 2.3359458153777215), (0.9933469723127895, 2.3342272074901578), (0.9997096697768018, 2.237292200176304), (0.9999979932630212, 0.9849159619828696)]
30	[(0.990879320909754, 2.3415420256806483), (0.9940854900773068, 2.3400062539733737), (0.9997924110154736, 2.2432938740795723), (0.9999985812011569, 0.9849164726833937)]
