multi(Pmax=? [ F pc=-1 ], R{"defaultControllerUsed"}max=? [ C ]):
N	Result
1	[(0.0, 0.010556927734841846)]
2	[(0.27604408413112075, 0.3051053504256093)]
3	[(0.5259465941959518, 0.5647844583962429), (0.5263383567482958, 0.5629472653657791)]
4	[(0.669468579578767, 0.7175084303727248), (0.6729679645550988, 0.7147044728325578)]
5	[(0.7554763629769617, 0.8142552493906483), (0.7607160588796372, 0.8106522230887093)]
6	[(0.8149601784637277, 0.8820489872167082), (0.8210684484937565, 0.8776809884496648)]
7	[(0.8577141386155533, 0.9307434422548984), (0.864103961397263, 0.9251980819897823)]
8	[(0.8860728274732191, 0.967885975184456), (0.8957908942667647, 0.9599937888747764)]
9	[(0.8650892099042966, 0.9988931652724402), (0.8659433415795175, 0.99888255141125), (0.9112648951738487, 0.9962853058962546), (0.9195233636814912, 0.9859729641769435)]
10	[(0.8726988150665178, 1.0334421111323955), (0.9307105541062761, 1.0182359962898138), (0.9375478577673304, 1.0058406782233575)]
11	[(0.8868131022789858, 1.0657392100069463), (0.9166335296224013, 1.058221936471908), (0.9514937618326018, 1.0212782044391437)]
12	[(0.9034061587131577, 1.094077368325213), (0.9083606368370021, 1.093824852085766), (0.9342780138071549, 1.0789028181997435), (0.9623312550228529, 1.0333091928847482)]
13	[(0.9188564884220195, 1.1181140178068998), (0.9226482587829943, 1.1179199594527365), (0.9482838491031143, 1.0952797224721147), (0.970749125348704, 1.0426827166523704)]
14	[(0.9324642438556432, 1.1383758772771344), (0.9356856511540723, 1.1382011282403468), (0.9593804687243415, 1.1083078860127302), (0.9772828080529719, 1.049979707838098)]
15	[(0.9438695597278381, 1.155340850994779), (0.9464139422878832, 1.1552011976447472), (0.9681293541636551, 1.1186383837215188), (0.982352232677967, 1.0556564190936273)]
16	[(0.9529372378111939, 1.1695349425938444), (0.9554333504479676, 1.1693943529631663), (0.9696950214541245, 1.14684172430747), (0.9862851356959493, 1.0600712474538978)]
17	[(0.9604736914564305, 1.181470425618703), (0.9626009855483024, 1.1813502354202994), (0.9762359268296668, 1.1546088024510106), (0.9893370471297347, 1.0635047435922784)]
18	[(0.9667067120496515, 1.1915153714944586), (0.9684991585882294, 1.1914143890825672), (0.9809715728823165, 1.1630179654633896), (0.9917062733299435, 1.0661756857615414)]
19	[(0.9718745758712182, 1.1999859574352292), (0.9735839790496403, 1.1998754006621928), (0.9834492090588742, 1.1790674423847363), (0.993546486078523, 1.0682541919773842)]
20	[(0.9761774914095512, 1.2071445932690796), (0.9776435753106985, 1.2070501184928293), (0.9870354681280387, 1.183259140102119), (0.9949765756821933, 1.0698722905967921)]
21	[(0.9797940324128509, 1.2132066192491058), (0.981048315764236, 1.2131260467875875), (0.9896256118065309, 1.188736572927898), (0.9960885002731696, 1.071132408387653)]
22	[(0.9828567249088416, 1.218345582258455), (0.9839235530336301, 1.2182771895306437), (0.9914249553507961, 1.1966503931335306), (0.9969534269774596, 1.0721140407237861)]
23	[(0.9854621433705882, 1.2227030639942575), (0.9863878055170536, 1.2226417287532656), (0.9932465831686954, 1.199352939504921), (0.9976264837050945, 1.0728789307130444)]
24	[(0.9876805889022674, 1.2263966461303892), (0.9884615999698687, 1.2263448531277992), (0.994635589375716, 1.202362442174876), (0.9981504131476324, 1.0734750681741676)]
25	[(0.9882286239034372, 1.2296864812240706), (0.9902263906316626, 1.2294820620336304), (0.9956163179117828, 1.2073684591261018), (0.9985583821441175, 1.0739397759052864)]
26	[(0.9888115435944449, 1.2328251502437593), (0.9906459714428426, 1.2326388001710524), (0.9963686496033328, 1.2125806879909755), (0.9988761442683526, 1.074302094679091)]
27	[(0.9894138413370763, 1.235804545964627), (0.9910964482671865, 1.23563477328171), (0.9970954374540112, 1.2148898105242334), (0.9991237080513033, 1.0745846297041453)]
28	[(0.990022990255353, 1.2386205108245671), (0.9916854613007022, 1.2384463602403915), (0.9975703546747355, 1.219360164300748), (0.9993166260566744, 1.0748049823292765)]
29	[(0.9906214624297037, 1.2412735815409808), (0.9921502216242333, 1.2411140526917888), (0.9980176861156135, 1.2220180554917714), (0.9994669923873253, 1.0749768614506863)]
30	[(0.9912013505173103, 1.2437674526709763), (0.9926076423313894, 1.2436212200832069), (0.9983505850772508, 1.2251604374481877), (0.9995842153804717, 1.0751109469551472)]

Pmax=? [ (F pc=-1)&(G pc!=-2) ]:
N	Result
1	0.0
2	0.024284674107100925
3	0.07549334734508818
4	0.11703368312535123
5	0.1520199146766598
6	0.1824418725114746
7	0.20948952522842312
8	0.2336801338097355
9	0.25537611893869694
10	0.2748626730757584
11	0.29237702594752435
12	0.308126369839146
13	0.32229236998714655
14	0.3350360430849091
15	0.3465010924245976
16	0.35681627414598616
17	0.36609717515253387
18	0.37444766461097
19	0.38196113015685584
20	0.38872155841503425
21	0.39480449231409015
22	0.4002778854456143
23	0.4052028674101331
24	0.4096344307651534
25	0.413622048226157
26	0.4172102274902989
27	0.4204390101218699
28	0.4233444202039409
29	0.42595886784665715
30	0.4283115121119009

Pmin=? [ F k=N ]:
N	Result
1	1.0
2	1.0
3	0.7239559158688793
4	0.47366164325170435
5	0.3270320354449013
6	0.23928394112036266
7	0.17893155143442252
8	0.1358960371318359
9	0.10420910557372454
10	0.08047663591715945
11	0.06245214107482486
12	0.048506229807195836
13	0.037668733237562174
14	0.029250832236860234
15	0.022717123549576463
16	0.01764776269666679
17	0.013714857261228291
18	0.010662942855813411
19	0.008293713188168243
20	0.006453496411992682
21	0.005023402776603979
22	0.003911473546175988
23	0.003046542079282774
24	0.0023734807151178016
25	0.0018495469546025794
26	0.0014415741042550696
27	0.0011238088355976354
28	8.762424543343045E-4
29	6.833225428449035E-4
30	5.329550096847136E-4

Pmin=? [ G pc!=-2 ]/Pmin=? [ F k=N ]:
N	Result
1	0.9894430722651582
2	0.6953585090304681
3	0.6225388628612862
4	0.6586685972396248
5	0.6941980995039881
6	0.7249111106483468
7	0.7701655988925682
8	0.8320430300586671
9	0.9155966238553066
10	1.026135039042633
11	1.1708691730767398
12	1.363165341951952
13	1.6171078976248743
14	1.9497239807448132
15	2.382022845955142
16	2.941416800900745
17	3.6633403065818633
18	4.593413608363093
19	5.790190521333218
20	7.328819058194956
21	9.305678262292265
22	11.844315747505856
23	15.103042331394407
24	19.28467664614581
25	24.649029498518278
26	31.528901647185048
27	40.35056889021402
28	51.66003811041284
29	66.15663188347482
30	84.73602605602964

Pmin=? [ (F k=N)&(G pc>0) ]:
N	Result
1	0.0
2	0.0
3	0.0
4	0.0
5	0.0
6	0.0
7	0.0
8	0.0
9	0.0
10	0.0
11	0.0
12	0.0
13	0.0
14	0.0
15	0.0
16	0.0
17	0.0
18	0.0
19	0.0
20	0.0
21	0.0
22	0.0
23	0.0
24	0.0
25	0.0
26	0.0
27	0.0
28	0.0
29	0.0
30	0.0
