multi(Pmax=? [ F pc=-1 ], R{"defaultControllerUsed"}max=? [ C ]):
N	Result
1	[(0.0, 0.0)]
2	[(0.1271679737383701, 0.062416038415410366), (0.4529413322292838, 0.05568120413043579)]
3	[(0.5888702185975121, 0.09819033102969972), (0.6378037655119713, 0.09148703073032376)]
4	[(0.554619088582843, 0.12285073476245771), (0.7622792956565222, 0.11300251946668881), (0.7644060087361422, 0.10866257938750598)]
5	[(0.6153309040293945, 0.14094396678839224), (0.782203737659951, 0.1278015309849439), (0.8422712078423298, 0.12065314797668147)]
6	[(0.5310302689200435, 0.16644885830988354), (0.6701201835840268, 0.16356237723717276), (0.8787442989207009, 0.14257700105996793), (0.9160947503735577, 0.12958286809073308)]
7	[(0.6901791481914537, 0.18951746854401277), (0.7494908686375014, 0.1873066258849993), (0.8932983974302472, 0.1604398074048252), (0.9467791217667318, 0.13425229437976635)]
8	[(0.705672985452084, 0.2072254626192943), (0.7677368019593743, 0.2046822995613699), (0.8409804169972215, 0.19772344114161036), (0.8548151468369567, 0.19464521450596317), (0.9277261080119292, 0.16739896681477706), (0.9642821319613458, 0.13670360748215796)]
9	[(0.7144366945755108, 0.2240009479381633), (0.7936287373817525, 0.2199272570161725), (0.8509153341854598, 0.21422540390484093), (0.9000014962128916, 0.20112505066196776), (0.9544251524891489, 0.16997899514101833), (0.9760393841076775, 0.13830140477735275)]
10	[(0.7203922917879954, 0.24043231477405494), (0.8564437015633285, 0.23090840499968535), (0.9075093792007981, 0.22113771082860736), (0.9433332343187103, 0.20653127125336482), (0.9699800168411412, 0.17209739062201163), (0.9859527822919267, 0.13945306207228006)]
11	[(0.7375361505806487, 0.2561971832705787), (0.8637140365291556, 0.24728579864967348), (0.9112725119174445, 0.23779228984799824), (0.9603923317559797, 0.21368787216081273), (0.9840946765557025, 0.16582042246460768), (0.991172077786688, 0.140193667941573)]
12	[(0.7509367031161556, 0.2710205993581649), (0.8714461487050825, 0.2626041957425927), (0.916186034386415, 0.2530873864181257), (0.9627653347008711, 0.22966918571000122), (0.9771974211364921, 0.20837522216380497), (0.9941665018487258, 0.1406189332679527)]
13	[(0.7629369147649656, 0.28510158051563955), (0.8788106575444088, 0.27698441873306273), (0.9414714286144092, 0.260188550959586), (0.9651704360088931, 0.24474209582753592), (0.9845723912296975, 0.2122095562647505), (0.9962591053387932, 0.14103804988826846)]
14	[(0.7736785229654282, 0.2985248174949132), (0.8853896212183264, 0.2906533488083406), (0.9452026317932529, 0.2746524748626841), (0.9755547316545641, 0.2486863118621358), (0.9907263644725609, 0.21315560426302452), (0.9977369259808735, 0.1412398268944318)]
15	[(0.7833292295951587, 0.31139820556606257), (0.8906642494224885, 0.30383944007454333), (0.9483438698144678, 0.2884056869520819), (0.9766094632761076, 0.2643933204697305), (0.9934894483902726, 0.21837576612341128), (0.9985715031129452, 0.14135684555074643)]
16	[(0.7930008527313899, 0.3236989202565304), (0.895724778256163, 0.3164084113883916), (0.9508081502873932, 0.30166375610701607), (0.9784792198881039, 0.27787912695359657), (0.9939597537125917, 0.23364628238748614), (0.9990645858106839, 0.14142650413963753)]
17	[(0.8026953301166518, 0.33542250217285097), (0.9225640607206054, 0.32427732577177704), (0.9694618558233894, 0.3041054391655289), (0.988142501941615, 0.27421449462437425), (0.9966705125271982, 0.22663385585251158), (0.9994068453394747, 0.14148333213304165)]
18	[(0.8119423005250613, 0.3465946960975131), (0.9263034589277643, 0.3359440240425951), (0.9714517589120635, 0.3162166016561075), (0.9891578452392527, 0.28712342390288553), (0.9974064676037319, 0.23529976906385455), (0.999634397731985, 0.141515629207685)]
19	[(0.820659280410345, 0.3572493460464556), (0.9297670918357982, 0.34709094812324187), (0.9726392360878393, 0.32835793160789617), (0.9897716662185069, 0.30018590044414534), (0.9976527636333699, 0.24902816998982572), (0.9997684027397394, 0.14153449338337645)]
20	[(0.8289390020181551, 0.36741234907718945), (0.9377989734581171, 0.35669210615177727), (0.9742296235179831, 0.3395738206295866), (0.992091420784635, 0.30710641793613047), (0.9984510428336073, 0.2517532601532033), (0.9998502004827963, 0.14154694481141103)]
21	[(0.836847562263521, 0.3771055659480443), (0.9406792249449745, 0.366879416362163), (0.9754378170832212, 0.3505518635496109), (0.9925824770605386, 0.3190528820711569), (0.9985411607775206, 0.26652263284863476), (0.9999054101159289, 0.14155566600434594)]
22	[(0.8443981593219633, 0.38635010832176303), (0.9434158653995515, 0.3765982060299609), (0.9765912430912023, 0.3610136100916975), (0.9930546763496404, 0.3304360597042034), (0.9986311635725913, 0.28061173403657913), (0.9999411266044199, 0.14156084324252832)]
23	[(0.8515984224838768, 0.39516685400820756), (0.9460314400416403, 0.3858667677530876), (0.9776757860441764, 0.3710004343464911), (0.9936688110306668, 0.3405458625337508), (0.9991041573363371, 0.28188836022114844), (0.9999625059483316, 0.14156390262118893)]
24	[(0.8584634755616346, 0.40357574260567597), (0.9495739404230876, 0.39443231137714496), (0.9788077782515118, 0.38042225985447936), (0.9949505304517289, 0.3468058057325649), (0.9991857349564572, 0.29407417686036114), (0.9999759406316387, 0.14156594294675423)]
25	[(0.8650107201289895, 0.4115956570186106), (0.9536186703128863, 0.4024217388463628), (0.9803404457459227, 0.3889276636971324), (0.9958712446229945, 0.35400713814518997), (0.9992808192322019, 0.3043591479745199), (0.9999848186696888, 0.14156730207783827)]
26	[(0.8712554679288346, 0.41924456019614253), (0.9557642277750866, 0.41049502539722116), (0.9812492561525705, 0.3976262202217749), (0.9961947210384623, 0.36354762043560823), (0.9994893045465293, 0.3076338418143616), (0.999990487722232, 0.1415681268332241)]
27	[(0.8772114652157321, 0.4265396067244524), (0.9578104703287005, 0.41819486663276434), (0.9821170108010979, 0.4059210830929122), (0.9963710161547562, 0.3734170357096437), (0.9995212306010801, 0.3195077782472172), (0.9999938141616606, 0.1415686280464593)]
28	[(0.8828918754305386, 0.4334971707544076), (0.9597619660354707, 0.4255384611007125), (0.9829445104559862, 0.4138322181054534), (0.9965402229463465, 0.382822563181881), (0.9995629603683202, 0.33004975927625013), (0.9999960489194327, 0.14156895888054777)]
29	[(0.8883094611195615, 0.44013286775683574), (0.9616612235886037, 0.4325311559868506), (0.9837335020708912, 0.42137763480069357), (0.9967359716486092, 0.39154438082305754), (0.9996317435350717, 0.3379294341984147), (0.999997502685503, 0.14156917381094908)]
30	[(0.8934764233284784, 0.44646158746694237), (0.963434827382029, 0.4392115387766369), (0.9844859571359517, 0.42857405823350764), (0.9970790053448799, 0.3986357331472509), (0.9997126312618158, 0.3438404024142895), (0.9999975801771349, 0.14156926112001755)]

Pmax=? [ (F pc=-1)&(G pc!=-2) ]:
N	Result
1	0.0
2	0.4028282485118915
3	0.5522345899967358
4	0.6617539967601654
5	0.7368202542192986
6	0.795551151423563
7	0.8192912231817996
8	0.8332849949307235
9	0.8437963817116683
10	0.8519251473773106
11	0.8561665633296069
12	0.8608382861006665
13	0.8647456561484004
14	0.8678553840433268
15	0.8698430166170221
16	0.871458534277307
17	0.8728109421326615
18	0.8739095518514676
19	0.8747013506492903
20	0.8753023122655481
21	0.8757835815140652
22	0.8761724318233742
23	0.8764689202866244
24	0.8766938536672093
25	0.8768692589286418
26	0.877008704947223
27	0.8771172927397206
28	0.8772006603766528
29	0.8772651412487379
30	0.8773157342434432

Pmax=? [ (F pc=-1) ]/Pmax=? [ (G pc!=-2) ]:
N	Result
1	0.0
2	0.4557540913612309
3	0.6463761195653362
4	0.7807741822003303
5	0.8672540947388275
6	0.9504212975008794
7	0.9891920454711748
8	1.0141156301299432
9	1.0327924190769013
10	1.0492691768857272
11	1.0604707745364121
12	1.0689852604477634
13	1.0762216436261622
14	1.0824938174178065
15	1.087778307744835
16	1.0924128168851794
17	1.0966182810381304
18	1.1004481326799502
19	1.10393933215281
20	1.1071509488499338
21	1.1101245237468345
22	1.1128806538698766
23	1.1154372171429063
24	1.1178128841499522
25	1.1200224110230597
26	1.122077682513334
27	1.1239894703479107
28	1.1257683995596075
29	1.1274220089610436
30	1.1289618468156717

Pmax=? [ (F pc=-1)&(G pc!=-2) ]/Pmax=? [ (G pc!=-2) ]:
N	Result
1	0.0
2	0.4053298061176666
3	0.559656857913525
4	0.6759240897288212
5	0.7586753252496446
6	0.8253608671548238
7	0.8559930634966632
8	0.8763486428947662
9	0.8928599813347176
10	0.9066344902226481
11	0.9160262268220652
12	0.9256230598793084
13	0.9341525576915202
14	0.941578950476271
15	0.9475499356465596
16	0.9528838113849611
17	0.9577085022214515
18	0.9620438560743901
19	0.9658409081587064
20	0.9692369744878907
21	0.9723208014027503
22	0.9751327571212018
23	0.9776827071179541
24	0.9800032609381564
25	0.9821281299524279
26	0.9840812549102226
27	0.9858766939493693
28	0.9875286815118337
29	0.9890518218127855
30	0.9904588141553389

Pmax=? [ (F pc=-1) ]:
N	Result
1	0.0
2	0.4529413322292838
3	0.6378037655119713
4	0.7644060087361422
5	0.8422712078423298
6	0.9160947503735577
7	0.9467791217667318
8	0.9642821319613458
9	0.9760393841076775
10	0.9859527822919267
11	0.991172077786688
12	0.9941665018487276
13	0.9962591053419151
14	0.9977369260054764
15	0.9985715042803424
16	0.9990645877851959
17	0.9994068475038663
18	0.9996344016896426
19	0.9997684056578278
20	0.9998502028540289
21	0.9999054118054257
22	0.9999411277178148
23	0.9999625095535318
24	0.999975943086297
25	0.99998482029512
26	0.9999904888758163
27	0.999993820069087
28	0.9999960527860594
29	0.9999961641295673
30	0.9999971502263658

Pmax=? [ F pc=-2 ]:
N	Result
1	0.0
2	0.062416038415410366
3	0.09752718512153231
4	0.12188434144089696
5	0.1397645624052556
6	0.1618688197429736
7	0.1839146988132906
8	0.2007700602871902
9	0.21652809045878707
10	0.2316712286353405
11	0.2461679511208723
12	0.25980501543989226
13	0.2726665881908911
14	0.2848299806153204
15	0.29636935449212554
16	0.3073386851583469
17	0.31773935376980456
18	0.32758453764764645
19	0.3369054505513266
20	0.34573438317661725
21	0.354098140822993
22	0.3620205931908165
23	0.36952473986497236
24	0.37663276374957
25	0.3833656612231354
26	0.38974322822594304
27	0.39578419788813557
28	0.4015063313298271
29	0.4069264597718917
30	0.41206052414224803

Pmax=? [ F pc=-2 ]/Pmax=? [ G pc!=-1 ]:
N	Result
1	0.0
2	0.06340897786768186
3	0.10103517146044214
4	0.12906538767069947
5	0.15157860960409147
6	0.17999211944248208
7	0.20980472641507772
8	0.2350728416765937
9	0.2603086447023849
10	0.28606254983976176
11	0.3122896049180742
12	0.3386993357767415
13	0.3653650931896331
14	0.3923584017881737
15	0.4197541906300865
16	0.44760627303959266
17	0.4758955892648431
18	0.5046188464901803
19	0.5338009707316227
20	0.5634716635004194
21	0.5936549940564442
22	0.6243728344182321
23	0.6556480804000342
24	0.6875047733112619
25	0.7199674300632873
26	0.7530609296434633
27	0.7868106770200295
28	0.8212426991573988
29	0.8563836543877179
30	0.8922608373297639

Pmax=? [ (F pc=-2)&(G pc!=-1) ]/Pmax=? [ G pc!=-1 ]:
N	Result
1	0.0
2	0.006340897786768187
3	0.006423166223346547
4	0.014941833158494405
5	0.028451404059582224
6	0.03339489258317056
7	0.0371508315896828
8	0.04126993489102623
9	0.046034693766352074
10	0.050507234210466684
11	0.0547030883424315
12	0.058738566911509256
13	0.06269179991741947
14	0.06653983783421294
15	0.07027378572500291
16	0.07389891975507094
17	0.07742475715750488
18	0.080855870140261
19	0.08419516444688478
20	0.08744560110898263
21	0.09061038822847592
22	0.09369245777534671
23	0.09669443370792387
24	0.09961874232870568
25	0.10246768664034314
26	0.10524345241951698
27	0.10794811273617021
28	0.11058364097530725
29	0.11315192513011764
30	0.1156547776041694

Pmin=? [ F k=N ]:
N	Result
1	1.0
2	1.0
3	0.5470586677707161
4	0.3621962344880287
5	0.2355939912638576
6	0.15772879215767013
7	0.08390524692337506
8	0.05322087752692285
9	0.03571785555427622
10	0.023960544502146373
11	0.014047198703291599
12	0.008827855229611777
13	0.005833344759720384
14	0.0037403147423270165
15	0.0022627431427670475
16	0.001427989558272968
17	9.350749005839543E-4
18	5.92943072406897E-4
19	3.652175975862753E-4
20	2.3134372294187478E-4
21	1.4963596183787E-4
22	9.448048900082794E-5
23	5.879957541899041E-5
24	3.7331730543298346E-5
25	2.394796801320219E-5
26	1.5105547924026213E-5
27	9.462943922893555E-6
28	6.010575245132798E-6
29	3.834911553782313E-6
30	2.419185873399452E-6

Pmin=? [ (F k=N)&(G pc>0) ]:
N	Result
1	0.0
2	0.0
3	0.0
4	0.0
5	0.0
6	0.0
7	0.0
8	0.0
9	0.0
10	0.0
11	0.0
12	0.0
13	0.0
14	0.0
15	0.0
16	0.0
17	0.0
18	0.0
19	0.0
20	0.0
21	0.0
22	0.0
23	0.0
24	0.0
25	0.0
26	0.0
27	0.0
28	0.0
29	0.0
30	0.0

Pmin=? [ (F k=N)&(G pc!=-2) ]/Pmin=? [ (F k=N) ]:
N	Result
1	1.0
2	0.9375839615845897
3	0.9205333499872064
4	0.9419363557352649
5	0.94110361812791
6	0.8665664999199026
7	0.8784526306004802
8	0.9061387242729789
9	0.9182296216379747
10	0.8715402759381183
11	0.8678530886853174
12	0.8829228524957247
13	0.880694681779889
14	0.8530903193846403
15	0.8498120736988789
16	0.8597962133242545
17	0.8534822025470459
18	0.8357904696992446
19	0.8323538688903761
20	0.8365437004058386
21	0.8293082926449289
22	0.816994184506542
23	0.8137929127333967
24	0.8143126458613991
25	0.8457798553943745
26	0.8383097754870326
27	0.8339521930151993
28	0.8304351872027519
29	0.8244944494120966
30	0.8181145583517087

Pmax=? [ pc!=-2 U<=N false ]:
N	Result
1	0.0
2	0.0
3	0.0
4	0.0
5	0.0
6	0.0
7	0.0
8	0.0
9	0.0
10	0.0
11	0.0
12	0.0
13	0.0
14	0.0
15	0.0
16	0.0
17	0.0
18	0.0
19	0.0
20	0.0
21	0.0
22	0.0
23	0.0
24	0.0
25	0.0
26	0.0
27	0.0
28	0.0
29	0.0
30	0.0

Pmin=? [ pc>0 U k=N ]:
N	Result
1	1.0
2	0.0
3	0.0
4	0.0
5	0.0
6	0.0
7	0.0
8	0.0
9	0.0
10	0.0
11	0.0
12	0.0
13	0.0
14	0.0
15	0.0
16	0.0
17	0.0
18	0.0
19	0.0
20	0.0
21	0.0
22	0.0
23	0.0
24	0.0
25	0.0
26	0.0
27	0.0
28	0.0
29	0.0
30	0.0
