multi(Pmax=? [ F pc=-1 ], Pmax=? [ F pc=-2 ]):
N	Result
1	[(0.0, 0.001553661062863517)]
2	[(0.29017169312085744, 0.2638360273566868)]
3	[(0.6046948945234508, 0.5321078341851581), (0.6103636220435266, 0.5164549748757048)]
4	[(0.7020500498032924, 0.6331521623143005), (0.7335493677322764, 0.6331076692212867), (0.7404904989787133, 0.6131521827644542)]
5	[(0.76415734922236, 0.683867102695104), (0.6472815808989436, 0.6838846802927091), (0.7928021632800274, 0.6823126254035652), (0.8009426307322802, 0.6603892812849474), (0.8017673594066355, 0.6237308914417429)]
6	[(0.7950700497039319, 0.714525386343052), (0.8338002283761315, 0.7115588176191152), (0.8419737504231524, 0.6867439732702947), (0.8423890241997799, 0.6548776184346711)]
7	[(0.8394971621743076, 0.7485932220890061), (0.8549608919453631, 0.7473978627619213), (0.8746287459224479, 0.7386674366826773), (0.8749574292111808, 0.7380884671920569), (0.8808656392964185, 0.7126153351532986), (0.8810297277019996, 0.6862837454357609)]
8	[(0.8784676254977144, 0.7769596046078311), (0.8853850370381824, 0.7763753444609364), (0.8932559768314011, 0.7728728814024668), (0.9071098278584444, 0.7595906970041749), (0.9117624073760059, 0.732778376771458), (0.9118276988143231, 0.7111769579054136)]
9	[(0.9054088321016307, 0.7980741250707253), (0.9119879436962757, 0.7975993543401196), (0.9309078433527203, 0.774202023568002), (0.9343908761756692, 0.7292559926834417)]
10	[(0.9245495572875825, 0.8130370630035723), (0.9315764976312084, 0.8123886919092935), (0.9479355953998374, 0.7839638311698672), (0.9504910865624763, 0.7420853132323618)]
11	[(0.9400723499903125, 0.8248791560020524), (0.9455482356464785, 0.8243413079361341), (0.9606602874506653, 0.791649815676297), (0.9626422382192309, 0.7518803438362853)]
12	[(0.9530236471471546, 0.8341007383825232), (0.9568300703904006, 0.8337305574697159), (0.9703585072061882, 0.7976892297233733), (0.9719367745197968, 0.7594694701578992)]
13	[(0.9632464917254489, 0.8413211170527641), (0.9671108460061524, 0.8405852269727488), (0.9777992277722278, 0.8017604113916131), (0.9789755886524467, 0.7652703194694785)]
14	[(0.9711250695472193, 0.8468684359984996), (0.9741458376902195, 0.8463173751702527), (0.9808581310978232, 0.8260501157295544), (0.9842273006486937, 0.7696229553053312)]
15	[(0.9772685585480347, 0.8511560505224987), (0.9796608276790645, 0.8507260546449819), (0.9855916054600237, 0.8288100198586771), (0.9881511329506252, 0.7728944689444599)]
16	[(0.982137094721355, 0.8544773828690709), (0.9840009333833261, 0.8541382647762388), (0.9884490220031497, 0.8390558236372656), (0.9910979394729269, 0.775367896349536)]
17	[(0.985992871357072, 0.8570592773828498), (0.9874270513992867, 0.8567952175830552), (0.991303134371759, 0.8408520058235969), (0.9933160907002383, 0.7772423054676475)]
18	[(0.9886147042551119, 0.8590619003347328), (0.9901292785861135, 0.8588579616866038), (0.993472485930879, 0.8419207272237408), (0.9949826946288894, 0.7786591877105661)]
19	[(0.9910784600621312, 0.8606129685335213), (0.9922547288183331, 0.8604555731180147), (0.9949329273569674, 0.8462152285019859), (0.9962331924069124, 0.7797282676424467)]
20	[(0.9930106323533636, 0.8618146345961856), (0.993924577092104, 0.86169249395596), (0.9961903871765638, 0.8469302069342111), (0.9971715562898243, 0.7805348456187523)]
21	[(0.994527912261761, 0.8627464564823946), (0.9952365171570619, 0.8626515386153926), (0.997133779671843, 0.847544833903987), (0.9978761838010561, 0.7811437396362717)]
22	[(0.9957182186969318, 0.8634691059276738), (0.9962671522228531, 0.8633954878626761), (0.99784793959131, 0.8478563169030475), (0.9984053838158827, 0.781603389327139)]
23	[(0.9966507497265241, 0.8640294443670332), (0.9970772292153671, 0.8639718675311192), (0.9983417578945235, 0.8502310672588507), (0.9988027511850515, 0.7819502251094277)]
24	[(0.9973808638229985, 0.8644638427780486), (0.997711644757595, 0.8644192262985657), (0.9987518712066212, 0.8505861489098777), (0.999101010397148, 0.7822117699692669)]
25	[(0.9979524651632365, 0.8648006310050679), (0.9982090207105379, 0.864766031224973), (0.9990626443451656, 0.8507272813472542), (0.9993249925349594, 0.7824090767221927)]
26	[(0.9983998856919958, 0.8650617657601021), (0.9985988169261645, 0.86503493054109), (0.9992962054434433, 0.8508173880137988), (0.9994931685700202, 0.7825578711047398)]
27	[(0.9987499341394078, 0.8652642471378412), (0.9989041820544541, 0.8652434393764799), (0.999444675430273, 0.8541197561685694), (0.9996194452900301, 0.7826700653724412)]
28	[(0.999023684148327, 0.8654212432954107), (0.9991432341527873, 0.8654050236161349), (0.9995828515021146, 0.854191036221663), (0.9997142592121127, 0.7827546470373734)]
29	[(0.9992377509770549, 0.8655429749160051), (0.9993303931300792, 0.865530380827381), (0.9996859679050774, 0.8543818962452074), (0.9997854486166604, 0.7828184016717102)]
30	[(0.9994768274516437, 0.8656275779281792), (0.9997642060455797, 0.854408832834525), (0.99983890043706, 0.7828664513571529)]

Pmax=? [ (F pc=-1)&(G pc!=-2) ]:
N	Result
1	0.0
2	0.05434874610683513
3	0.13593480708084552
4	0.18202696993628564
5	0.22706500274712202
6	0.27014957495315683
7	0.3066127920061801
8	0.3382957879181935
9	0.36601505169794885
10	0.3910379947729343
11	0.4138705174792692
12	0.4347552793974235
13	0.4538616602844447
14	0.4713562999243181
15	0.48737939713539535
16	0.5020548677779667
17	0.5154950106890519
18	0.5278031387805378
19	0.5390743329437293
20	0.5493959559755415
21	0.5588481139513617
22	0.5675041880126245
23	0.575431367406587
24	0.5826911603473042
25	0.5893398708114979
26	0.5954290391638991
27	0.6010058466517569
28	0.606113485695341
29	0.6107914984987559
30	0.6150760866639976

Pmax=? [ (F pc=-1) ]/Pmax=? [ (G pc!=-2) ]:
N	Result
1	0.0
2	0.29714364459801385
3	0.644471188300529
4	0.8030676921274981
5	0.888676296669846
6	0.9551318040536024
7	1.021802740690565
8	1.0812759526839126
9	1.1322153735848688
10	1.1760768443707976
11	1.2154605474669915
12	1.2514131273794942
13	1.2790601472790832
14	1.3012194917179838
15	1.3202936194459882
16	1.3372105929359122
17	1.352354302719837
18	1.3659860054281736
19	1.378305575136754
20	1.3894780512883336
21	1.399638456843757
22	1.4088985583426907
23	1.4173531730685318
24	1.4250839626726317
25	1.432161631938269
26	1.4386476791420897
27	1.4445959707415044
28	1.4500540798558788
29	1.4550643545425272
30	1.4596647506375071

Pmax=? [ (F pc=-1)&(G pc!=-2) ]/Pmax=? [ (G pc!=-2) ]:
N	Result
1	0.0
2	0.05565458271903467
3	0.1435309436651653
4	0.197409661370816
5	0.25167810010871194
6	0.30630557079537885
7	0.3556041088646113
8	0.4011625231892317
9	0.4435059021435652
10	0.48384539046500424
11	0.522565150109476
12	0.5597673408453501
13	0.5929834906803058
14	0.6231670307222522
15	0.6511999152945316
16	0.6773832247891975
17	0.7018228527146567
18	0.7246073193922336
19	0.7458185602579742
20	0.7655389563392216
21	0.7838501179436929
22	0.8008329073009207
23	0.8165671627883639
24	0.8311310028589634
25	0.8446000594514288
26	0.8570469806731996
27	0.8685411490519873
28	0.8791485387015445
29	0.8889316565365719
30	0.8979495396331133

Pmax=? [ (F pc=-1) ]:
N	Result
1	0.0
2	0.29017169312085744
3	0.6103636220435266
4	0.7404904989787133
5	0.8017673594066355
6	0.8423890241999327
7	0.8810297277020003
8	0.9118276988143601
9	0.9343908761821442
10	0.9504910865837839
11	0.9626422382939492
12	0.971936774685441
13	0.9789755889860413
14	0.9842273014583752
15	0.988151093349349
16	0.9910978938645281
17	0.9933160384268419
18	0.994982636664498
19	0.9962331297473562
20	0.9971714907168281
21	0.997876116766899
22	0.9984053165837067
23	0.998802684756346
24	0.9991010140948381
25	0.9993249961359041
26	0.9994931720243498
27	0.9996194485579255
28	0.9997142622636687
29	0.999785451432611
30	0.9998389030082084

Pmax=? [ F pc=-2 ]:
N	Result
1	0.001553661062863517
2	0.2638360273566868
3	0.5321078341851581
4	0.6331521623143006
5	0.6838846802927092
6	0.7145326796970562
7	0.7485975668240907
8	0.7769662522677973
9	0.798079735099121
10	0.8130417989800642
11	0.8248825597353507
12	0.8341033373804329
13	0.8413231334086078
14	0.8468700424045486
15	0.8511572960983396
16	0.8544783434223686
17	0.8570600195572453
18	0.8590619034040192
19	0.8606129718744229
20	0.861814637512109
21	0.8627464597954222
22	0.8634691096573759
23	0.8640294484492627
24	0.8644638470770174
25	0.8648006355105189
26	0.8650617704651904
27	0.8652642518447176
28	0.8654212482145567
29	0.8655429752412314
30	0.86563735703651

Pmax=? [ F pc=-2 ]/Pmax=? [ G pc!=-1 ]:
N	Result
1	0.001553661062863517
2	0.2699416532427609
3	0.5632708534635047
4	0.6932558177357616
5	0.7744098268891225
6	0.8370647603371357
7	0.9075379030414525
8	0.9750678881213823
9	1.037133997163852
10	1.0944525829164224
11	1.1505612209944214
12	1.2058889659965313
13	1.2611126905798091
14	1.316563077100026
15	1.3727600668128286
16	1.430102763529236
17	1.48893364548195
18	1.5495226283113517
19	1.6121183601401303
20	1.676947424658631
21	1.7442192024802983
22	1.8141010383051506
23	1.8867504474547887
24	1.96231670516881
25	2.040940199062227
26	2.122764845550885
27	2.207935077443665
28	2.296596285105002
29	2.3888958933471085
30	2.484984184695128

Pmax=? [ (F pc=-2)&(G pc!=-1) ]/Pmax=? [ G pc!=-1 ]:
N	Result
1	0.001553661062863517
2	0.028664368736322388
3	0.03865976557572251
4	0.04323966330402644
5	0.13667952255750304
6	0.16028290736552941
7	0.17214945766919135
8	0.17748504477245003
9	0.18099796258595002
10	0.18416179420101042
11	0.1876666865143763
12	0.19136047748302926
13	0.19517335972676392
14	0.19907811278462118
15	0.20309344296829168
16	0.20734200261482577
17	0.2116131966473876
18	0.21583078026823949
19	0.22005889288000913
20	0.22433624333953395
21	0.22865567042678922
22	0.2330074716582689
23	0.23738391778018822
24	0.24177790593762635
25	0.24618361220912247
26	0.2505961148200724
27	0.2550111241337024
28	0.25942482194606786
29	0.2638337460941224
30	0.2682348297711411

Pmin=? [ F k=N ]:
N	Result
1	1.0
2	1.0
3	0.7098283068791427
4	0.3896363779564735
5	0.25950950102128684
6	0.19823264058732237
7	0.15761097536434804
8	0.1189702722914818
9	0.08817230085067357
10	0.06560912334303075
11	0.04950891252264447
12	0.03735775408556172
13	0.028063215011149396
14	0.02102438598554221
15	0.0157726642307073
16	0.01184886522078652
17	0.008902058598217945
18	0.0066839067804939905
19	0.005017302287696488
20	0.00376680397778249
21	0.0028284396497080234
22	0.0021238117159089387
23	0.0015946113317107167
24	0.001197243737560063
25	8.989160162478716E-4
26	6.749365869739153E-4
27	5.067641162667175E-4
28	3.804915563171359E-4
29	2.856821825890165E-4
30	2.1449754860716007E-4

Pmin=? [ (F k=N)&(G pc>0) ]:
N	Result
1	0.0
2	0.0
3	0.0
4	0.0
5	0.0
6	0.0
7	0.0
8	0.0
9	0.0
10	0.0
11	0.0
12	0.0
13	0.0
14	0.0
15	0.0
16	0.0
17	0.0
18	0.0
19	0.0
20	0.0
21	0.0
22	0.0
23	0.0
24	0.0
25	0.0
26	0.0
27	0.0
28	0.0
29	0.0
30	0.0

Pmin=? [ (F k=N)&(G pc!=-2) ]/Pmin=? [ (F k=N) ]:
N	Result
1	0.9984463389371365
2	0.7361639726433131
3	0.6102658805858518
4	0.6759763991714884
5	0.7076316709160918
6	0.6994804524204774
7	0.6549425188984608
8	0.625739742234126
9	0.6051265337052335
10	0.5892715584469694
11	0.5696683394870092
12	0.5497375889539327
13	0.5310524425480011
14	0.514111377892791
15	0.49765990825632866
16	0.4814734305460959
17	0.46571100702396034
18	0.4506005565790271
19	0.43606079207041454
20	0.4219892499075855
21	0.4083445307871441
22	0.39514463198763894
23	0.3823877379928192
24	0.37005216203250946
25	0.35811396245941474
26	0.3465597734949776
27	0.33537998317180934
28	0.32456336390470986
29	0.31409681036725906
30	0.30396799382400014

Pmax=? [ pc!=-2 U<=N false ]:
N	Result
1	0.0
2	0.0
3	0.0
4	0.0
5	0.0
6	0.0
7	0.0
8	0.0
9	0.0
10	0.0
11	0.0
12	0.0
13	0.0
14	0.0
15	0.0
16	0.0
17	0.0
18	0.0
19	0.0
20	0.0
21	0.0
22	0.0
23	0.0
24	0.0
25	0.0
26	0.0
27	0.0
28	0.0
29	0.0
30	0.0

Pmin=? [ pc>0 U k=N ]:
N	Result
1	1.0
2	0.0
3	0.0
4	0.0
5	0.0
6	0.0
7	0.0
8	0.0
9	0.0
10	0.0
11	0.0
12	0.0
13	0.0
14	0.0
15	0.0
16	0.0
17	0.0
18	0.0
19	0.0
20	0.0
21	0.0
22	0.0
23	0.0
24	0.0
25	0.0
26	0.0
27	0.0
28	0.0
29	0.0
30	0.0
