multi(Pmax=? [ F pc=-1 ], Pmax=? [ F pc=-2 ]):
N	Result
1	[(0.0, 0.0)]
2	[(0.4028282485118915, 0.05568120413043579), (0.07099353916450077, 0.062416038415410366)]
3	[(0.49697744553228945, 0.09752718512153231), (0.5462186802278712, 0.09486043148114011), (0.5522345899967358, 0.09091924976520105)]
4	[(0.43839797447820456, 0.12188434144089696), (0.6572029466744607, 0.11190563742365917), (0.6617539967601654, 0.107705889580864)]
5	[(0.481061696438974, 0.13976372055096994), (0.7368202542192986, 0.11828993169681094), (0.7363346997474907, 0.11874887326150797), (0.675102552685583, 0.12541441894238842)]
6	[(0.795551151423563, 0.12618923792201792), (0.3795321083748573, 0.1618688197429736), (0.5198706531121283, 0.15902054373092286), (0.7424227370136347, 0.13861923987332675), (0.7565176646886687, 0.13665250495132344), (0.7944062896543067, 0.1268650904202094)]
7	[(0.8192912231817996, 0.1304985966028423), (0.5148543882400411, 0.1839146988132906), (0.537994796266712, 0.18343787606055592), (0.6170357162234452, 0.17823798068864366), (0.7443640792385328, 0.15522687046742453), (0.7847708805197664, 0.1446949594992774)]
8	[(0.5151425909336468, 0.2007700602871902), (0.6707822210824335, 0.1888328660600619), (0.8332849949307235, 0.13278166423202942), (0.7734023855031922, 0.16136881072433654)]
9	[(0.8437963817116683, 0.13418545782126806), (0.5111375964761411, 0.21652809045878707), (0.5262520776273127, 0.21622148967262103), (0.6505602828565856, 0.2072180507149998), (0.7101208508896726, 0.19529720960101127), (0.7924279116196573, 0.1649126528097256)]
10	[(0.5028875106337397, 0.2316712286353405), (0.5250145137145925, 0.2312221806455119), (0.6455233512966536, 0.2222760509473093), (0.7200942872136125, 0.2077330568932809), (0.7509007648949699, 0.19798020571464037), (0.8518162239090253, 0.13529405752428977), (0.8519251473773106, 0.1347853933663952)]
11	[(0.5049006945640064, 0.2461679511208723), (0.5261621146215142, 0.24574937167985603), (0.6344922247317583, 0.23773100478136536), (0.7260695908184658, 0.21853366389749093), (0.7660318102519426, 0.2009470596024456), (0.8558865683958266, 0.13597351639855013), (0.8561665633296069, 0.13529466282788294)]
12	[(0.5057513567334558, 0.25980501543989226), (0.5247918024790285, 0.259434329229972), (0.6283838344476649, 0.2518114434405174), (0.7127145935995168, 0.2338654133315093), (0.7707462694462857, 0.20590969886348204), (0.8586001440372883, 0.13588119535516488), (0.8608382861006665, 0.12711604372108973)]
13	[(0.5058290258974267, 0.2726665881908911), (0.523473791181504, 0.2723225452510907), (0.6217102606865256, 0.26510255152141654), (0.6988926559763864, 0.24882197092632274), (0.7771007877077395, 0.2077591347591669), (0.8603786115464149, 0.1361513946998175), (0.8647456561484004, 0.12610719956744007)]
14	[(0.5053848879405834, 0.2848299806153204), (0.5222643961216062, 0.2844995950430534), (0.6154461840451354, 0.27764404627913014), (0.6906541422011369, 0.2616211019297956), (0.7723995378078077, 0.21621698605736922), (0.8617099972098424, 0.13615912462506063), (0.8678500234759994, 0.12627000865729937)]
15	[(0.5039904645910481, 0.29636935449212554), (0.521148978707387, 0.2960331414810618), (0.6092240771097595, 0.2895572639850857), (0.6844985434306226, 0.273065420236705), (0.7667316772868582, 0.22453401174736068), (0.8687577976115441, 0.12825727110751492), (0.8698430166170221, 0.12630851301117688)]
16	[(0.503193732196977, 0.3073386851583469), (0.5191500703706164, 0.30702634435044435), (0.6034746409348373, 0.30081535111193947), (0.6753186425487949, 0.2849808004926255), (0.7533659776398565, 0.2384991139556887), (0.870760713615072, 0.12698501054954023), (0.871458534277307, 0.1248510299149423)]
17	[(0.5029099776818046, 0.31773935376980456), (0.5175775943881138, 0.31745255002030254), (0.597362063287674, 0.31157902670415705), (0.6660676933240165, 0.2964381236740223), (0.7390762692000573, 0.253064250965348), (0.8717431631090793, 0.1267432060211458), (0.8728109421326615, 0.12404181131288705)]
18	[(0.5026583304327178, 0.32758453764764645), (0.5164886575098936, 0.32731408804499434), (0.5918022856900012, 0.32177230251160716), (0.6572389546117432, 0.30731463919818336), (0.732061924397938, 0.2615383066217957), (0.8723361939481945, 0.1266963807370781), (0.8739095518514676, 0.12376560847877308)]
19	[(0.5023091107071729, 0.3369054505513266), (0.5155035885150991, 0.33664736715047733), (0.5867699850979351, 0.33140388644819574), (0.6485127878173981, 0.31776318815850746), (0.7274798922333787, 0.26770940894253825), (0.8738692913679387, 0.1252121762729505), (0.8747013506492903, 0.12369739805502189)]
20	[(0.5019460620954951, 0.34573438317661725), (0.514481243595644, 0.3454891772388071), (0.5820343605636662, 0.34051821877437216), (0.6410718725130028, 0.32736086690125066), (0.7162660677980983, 0.2793208604216581), (0.8748731112711612, 0.12434838104202732), (0.8753023122655481, 0.12340560309913025)]
21	[(0.501615870077042, 0.354098140822993), (0.5134801337138843, 0.35386606976556867), (0.5774925544793639, 0.3491554474068708), (0.6343864165173734, 0.3363094520525909), (0.7048646848754547, 0.29098033871220075), (0.8754247834770462, 0.12399490881863014), (0.8757835815140652, 0.1231343834327491)]
22	[(0.50131237911047, 0.3620205931908165), (0.5125408187130447, 0.3618009642381456), (0.5736821194504044, 0.35726443282061177), (0.6302005979539491, 0.34390297720018737), (0.6961298353513096, 0.30018521018519595), (0.8757418575563869, 0.12385696913746723), (0.8761724318233742, 0.12297905572042545)]
23	[(0.5010234136613134, 0.36952473986497236), (0.5116596593465697, 0.3693166930507531), (0.5695680449147359, 0.36502008106292483), (0.6231810759764013, 0.3523322952847856), (0.694467688580056, 0.30292540367777404), (0.8761442008925934, 0.12353318702969579), (0.8764689202866244, 0.12290858799915884)]
24	[(0.5007472873607054, 0.37663276374957), (0.5108244087898152, 0.37643565195905404), (0.5671728753698143, 0.3721295910519683), (0.6244078695240017, 0.35697582421007584), (0.6894359740073852, 0.3085224291853696), (0.8764908212448261, 0.12324040266059341), (0.8766938536672093, 0.1228289807432568)]
25	[(0.5004855008383907, 0.3833656612231354), (0.5100312042946589, 0.3831789441086284), (0.5634068531201043, 0.3791000586979235), (0.6176705542379969, 0.3647240972164233), (0.6841197600402986, 0.3142838932251183), (0.8767262949919624, 0.12306245413019556), (0.8768692589286418, 0.12274704633758289)]
26	[(0.5002380200958755, 0.38974322822594304), (0.509279509257772, 0.38956637402428196), (0.5598384668195062, 0.38570273492270024), (0.6112367647244915, 0.37208634563973864), (0.6748160334408169, 0.32371098660508024), (0.8768743425149453, 0.12297018841528698), (0.877008704947223, 0.12268629057221632)]
27	[(0.5000037568045747, 0.39578419788813557), (0.508567870479032, 0.39561668137618694), (0.5705799606589846, 0.3895206325395145), (0.6056219225321635, 0.3788440501438885), (0.6663867886627883, 0.3322762028354534), (0.8770046670834477, 0.12287616210426525), (0.8771172927397206, 0.12265006991257338)]
28	[(0.49978178601776296, 0.4015063313298271), (0.5078939488897, 0.4013476550512761), (0.5666330587705284, 0.3955733494824109), (0.5998260227223731, 0.3854600391335303), (0.660649653337715, 0.338260173813103), (0.8771196433287943, 0.12278480223702765), (0.8772006603766528, 0.12262177037382338)]
29	[(0.4995714805226197, 0.4069264597718917), (0.5072555484019609, 0.406776157128001), (0.5628945231627543, 0.4013066083205981), (0.594335571924744, 0.39172704924707397), (0.6526648023406143, 0.3463387904877516), (0.8772077184245486, 0.12271636886792384), (0.8772651412487379, 0.1225956605315182)]
30	[(0.4993722799404626, 0.41206052414224803), (0.5066507961295534, 0.4119181542147546), (0.5593532669857204, 0.4067372772827979), (0.5891347976020783, 0.39766335778742495), (0.6451131437204213, 0.3539779139934327), (0.8772689274956411, 0.12267307880765858), (0.8773157342434432, 0.12257424539713792)]

Pmax=? [ (F pc=-1)&(G pc!=-2) ]:
N	Result
1	0.0
2	0.4028282485118915
3	0.5522345899967358
4	0.6617539967601654
5	0.7368202542192986
6	0.795551151423563
7	0.8192912231817996
8	0.8332849949307235
9	0.8437963817116683
10	0.8519251473773106
11	0.8561665633296069
12	0.8608382861006665
13	0.8647456561484004
14	0.8678553840433268
15	0.8698430166170221
16	0.871458534277307
17	0.8728109421326615
18	0.8739095518514676
19	0.8747013506492903
20	0.8753023122655481
21	0.8757835815140652
22	0.8761724318233742
23	0.8764689202866244
24	0.8766938536672093
25	0.8768692589286418
26	0.877008704947223
27	0.8771172927397206
28	0.8772006603766528
29	0.8772651412487379
30	0.8773157342434432

Pmax=? [ (F pc=-1) ]/Pmax=? [ (G pc!=-2) ]:
N	Result
1	0.0
2	0.4053298061176666
3	0.559656857913525
4	0.6759240897288212
5	0.7586753252496446
6	0.8253608671548238
7	0.8559930634966632
8	0.8763486428947662
9	0.8928599813347176
10	0.9066344902226481
11	0.9160262268220652
12	0.9256230598793084
13	0.9341525576915202
14	0.941578950476271
15	0.9475499356465596
16	0.9528838113849611
17	0.9577085022214515
18	0.9620438560743901
19	0.9658409081587064
20	0.9692369744878907
21	0.9723208014027503
22	0.9751327571212018
23	0.9776827071179541
24	0.9800032609381564
25	0.9821281299524279
26	0.9840812549102226
27	0.9858766939493693
28	0.9875286815118337
29	0.9890518218127855
30	0.9904588141553389

Pmax=? [ (F pc=-1)&(G pc!=-2) ]/Pmax=? [ (G pc!=-2) ]:
N	Result
1	0.0
2	0.4053298061176666
3	0.559656857913525
4	0.6759240897288212
5	0.7586753252496446
6	0.8253608671548238
7	0.8559930634966632
8	0.8763486428947662
9	0.8928599813347176
10	0.9066344902226481
11	0.9160262268220652
12	0.9256230598793084
13	0.9341525576915202
14	0.941578950476271
15	0.9475499356465596
16	0.9528838113849611
17	0.9577085022214515
18	0.9620438560743901
19	0.9658409081587064
20	0.9692369744878907
21	0.9723208014027503
22	0.9751327571212018
23	0.9776827071179541
24	0.9800032609381564
25	0.9821281299524279
26	0.9840812549102226
27	0.9858766939493693
28	0.9875286815118337
29	0.9890518218127855
30	0.9904588141553389

Pmax=? [ (F pc=-1) ]:
N	Result
1	0.0
2	0.4028282485118915
3	0.5522345899967358
4	0.6617539967601654
5	0.7368202542192986
6	0.795551151423563
7	0.8192912231817996
8	0.8332849949307235
9	0.8437963817116683
10	0.8519251473773106
11	0.8561665633296069
12	0.8608382861006665
13	0.8647456561484004
14	0.8678553840433268
15	0.8698430166170221
16	0.871458534277307
17	0.8728109421326615
18	0.8739095518514676
19	0.8747013506492903
20	0.8753023122655481
21	0.8757835815140652
22	0.8761724318233742
23	0.8764689202866244
24	0.8766938536672093
25	0.8768692589286418
26	0.877008704947223
27	0.8771172927397206
28	0.8772006603766528
29	0.8772651412487379
30	0.8773157342434432

Pmax=? [ F pc=-2 ]:
N	Result
1	0.0
2	0.062416038415410366
3	0.09752718512153231
4	0.12188434144089696
5	0.1397645624052556
6	0.1618688197429736
7	0.1839146988132906
8	0.2007700602871902
9	0.21652809045878707
10	0.2316712286353405
11	0.2461679511208723
12	0.25980501543989226
13	0.2726665881908911
14	0.2848299806153204
15	0.29636935449212554
16	0.3073386851583469
17	0.31773935376980456
18	0.32758453764764645
19	0.3369054505513266
20	0.34573438317661725
21	0.354098140822993
22	0.3620205931908165
23	0.36952473986497236
24	0.37663276374957
25	0.3833656612231354
26	0.38974322822594304
27	0.39578419788813557
28	0.4015063313298271
29	0.4069264597718917
30	0.41206052414224803

Pmax=? [ F pc=-2 ]/Pmax=? [ G pc!=-1 ]:
N	Result
1	0.0
2	0.06305317781465819
3	0.09975528861806385
4	0.12643456498089253
5	0.14722265305266474
6	0.1732687966836937
7	0.20009421114938683
8	0.22201919052389102
9	0.24337196654846396
10	0.2646505739359044
11	0.2857882429280221
12	0.30649868371619193
13	0.32683405302987983
14	0.3468430757913241
15	0.3665753849449167
16	0.3860600832378943
17	0.4052626621932829
18	0.4241634376934352
19	0.4427670029205791
20	0.46108145964142216
21	0.4791097291175577
22	0.4968525891458868
23	0.5143113219917583
24	0.5314877540026052
25	0.5483836882726807
26	0.5650008042285047
27	0.5813407732411893
28	0.5974053163529208
29	0.6131961956544173
30	0.6287152038107356

Pmax=? [ (F pc=-2)&(G pc!=-1) ]/Pmax=? [ G pc!=-1 ]:
N	Result
1	0.0
2	0.06305317781465819
3	0.09975528861806385
4	0.12643456498089253
5	0.14722265305266474
6	0.1732687966836937
7	0.20009421114938683
8	0.22201919052389102
9	0.24337196654846396
10	0.2646505739359044
11	0.2857882429280221
12	0.30649868371619193
13	0.32683405302987983
14	0.3468430757913241
15	0.3665753849449167
16	0.3860600832378943
17	0.4052626621932829
18	0.4241634376934352
19	0.4427670029205791
20	0.46108145964142216
21	0.4791097291175577
22	0.4968525891458868
23	0.5143113219917583
24	0.5314877540026052
25	0.5483836882726807
26	0.5650008042285047
27	0.5813407732411893
28	0.5974053163529208
29	0.6131961956544173
30	0.6287152038107356

Pmin=? [ F k=N ]:
N	Result
1	1.0
2	1.0
3	0.5414905473576724
4	0.3568461602380629
5	0.2305401136589707
6	0.1448898140838904
7	0.07825961065441905
8	0.050210180215358044
9	0.0339333408372469
10	0.02201816046706355
11	0.0128897185666849
12	0.0081399152056232
13	0.005354250526701477
14	0.0033605702094428726
15	0.002025599728551851
16	0.0012823287265662157
17	8.338748659925439E-4
18	5.213409491188298E-4
19	3.196028514817077E-4
20	2.0235452420840763E-4
21	1.2987811694608193E-4
22	8.112846625536952E-5
23	5.0242027994199824E-5
24	3.181147472621967E-5
25	2.0254708923257608E-5
26	1.266312848867903E-5
27	7.89164283656423E-6
28	4.991393178972511E-6
29	3.1618632900915954E-6
30	1.979171182093662E-6

Pmin=? [ (F k=N)&(G pc>0) ]:
N	Result
1	0.0
2	0.0
3	0.0
4	0.0
5	0.0
6	0.0
7	0.0
8	0.0
9	0.0
10	0.0
11	0.0
12	0.0
13	0.0
14	0.0
15	0.0
16	0.0
17	0.0
18	0.0
19	0.0
20	0.0
21	0.0
22	0.0
23	0.0
24	0.0
25	0.0
26	0.0
27	0.0
28	0.0
29	0.0
30	0.0

Pmin=? [ (F k=N)&(G pc!=-2) ]/Pmin=? [ (F k=N) ]:
N	Result
1	1.0
2	0.9375839615845897
3	0.9299991487199136
4	0.9560584901546569
5	0.9617343987068178
6	0.9433547017841267
7	0.9418240681837547
8	0.9604725149379836
9	0.9665182437717148
10	0.948425260060484
11	0.9457851790136774
12	0.957542544836791
13	0.9594985668403629
14	0.949489550661648
15	0.9493022808496889
16	0.9574612105566628
17	0.9570618065660577
18	0.950579788197141
19	0.9511500880810616
20	0.9563864945077323
21	0.9554676873053425
22	0.9514540780302486
23	0.9524033893144469
24	0.955620590837998
25	0.9999999999969215
26	1.0000000000094758
27	1.0000000000396245
28	0.999999999983085
29	0.9999999999962809
30	1.0000000001481546

Pmax=? [ pc!=-2 U<=N false ]:
N	Result
1	0.0
2	0.0
3	0.0
4	0.0
5	0.0
6	0.0
7	0.0
8	0.0
9	0.0
10	0.0
11	0.0
12	0.0
13	0.0
14	0.0
15	0.0
16	0.0
17	0.0
18	0.0
19	0.0
20	0.0
21	0.0
22	0.0
23	0.0
24	0.0
25	0.0
26	0.0
27	0.0
28	0.0
29	0.0
30	0.0

Pmin=? [ pc>0 U k=N ]:
N	Result
1	1.0
2	0.0
3	0.0
4	0.0
5	0.0
6	0.0
7	0.0
8	0.0
9	0.0
10	0.0
11	0.0
12	0.0
13	0.0
14	0.0
15	0.0
16	0.0
17	0.0
18	0.0
19	0.0
20	0.0
21	0.0
22	0.0
23	0.0
24	0.0
25	0.0
26	0.0
27	0.0
28	0.0
29	0.0
30	0.0
