multi(Pmax=? [ F pc=-1 ], R{"defaultControllerUsed"}max=? [ C ]):
N	Result
1	[(0.0, 0.0019719544259421563)]
2	[(0.47874524959275605, 0.3746911141517636)]
3	[(0.6473099514940284, 0.5137886948772427), (0.6422080434898407, 0.5279411739770752), (0.6156570239791935, 0.52802900665319)]
4	[(0.7294225465095282, 0.6345783168010384), (0.74510048975063, 0.6345422850103039), (0.7609206060013028, 0.6260968506380206), (0.7671732684407347, 0.6080377738798928)]
5	[(0.7905702242120942, 0.7013392790219749), (0.8037114166295649, 0.7013168387724773), (0.8277474296799359, 0.6855221320386867), (0.8337714468984394, 0.6660507681128917)]
6	[(0.8343819966749061, 0.746763075816197), (0.8426459732932536, 0.7467489604906249), (0.8646226591713617, 0.7407904137966624), (0.8794836600782683, 0.7045619867509862)]
7	[(0.8729445674257011, 0.7789360797913484), (0.8887309003207012, 0.7774297613422851), (0.8955453868814388, 0.7733516937467918), (0.9054081092782813, 0.7515271029685356), (0.9100521493009024, 0.7294045396779746)]
8	[(0.9011450067687228, 0.8055512706192919), (0.9222704817046087, 0.7949340112876601), (0.933082896172084, 0.7481676664549812)]
9	[(0.9169395159863276, 0.8280852727535767), (0.9336586947954314, 0.8246051178171359), (0.9419382017615896, 0.8135234696791964), (0.9484827324944658, 0.7851482101189278), (0.9506954103007694, 0.7607984626529884)]
10	[(0.8713053031127207, 0.8515959179211212), (0.8797415909940176, 0.8512314703202871), (0.9405539353602084, 0.8456111070887107), (0.9483067593368182, 0.8419198399696064), (0.9580639029643119, 0.8230149722231933), (0.9637450332809485, 0.7705390298445758)]
11	[(0.8882112206283036, 0.8805021324814136), (0.9069201511128518, 0.8792324575449559), (0.9535653199772547, 0.8595965959075209), (0.9614373595149128, 0.8528880507032272), (0.9689568292493277, 0.8315105177754613), (0.973118273544413, 0.7794589284898084)]
12	[(0.9073410827303757, 0.9056789512382748), (0.9202026388903121, 0.9048897681754267), (0.9348502830067597, 0.8986531458398626), (0.9711123357367385, 0.8613858800400422), (0.9769050226289073, 0.8384396865299322), (0.9800364006974356, 0.7857638766452946)]
13	[(0.9253117335557859, 0.925262358693463), (0.9356113707064748, 0.9246179630150047), (0.9512016995979555, 0.9128474934076216), (0.9785470822825512, 0.8678012820733998), (0.9828435943261328, 0.8442243399824405), (0.9852296915457556, 0.7901360189145811)]
14	[(0.9368847731672254, 0.9410622112732205), (0.9482757774931225, 0.9402569421825625), (0.9633844080850017, 0.9234395945183437), (0.9836958828900704, 0.874134974830791), (0.9873380802551872, 0.8478289954866598), (0.989097201118893, 0.793357648508987)]
15	[(0.9475503805811262, 0.95453422263334), (0.9562986928762616, 0.9539300208270695), (0.968079014944637, 0.9426039353157518), (0.9866636006769716, 0.8840605451382484), (0.9905396661778318, 0.8523697942854874), (0.9919401124226146, 0.7957645479322056)]
16	[(0.9568990791398848, 0.9658287308014005), (0.9636919762598318, 0.9653794910006892), (0.9763588728335412, 0.9495828532644748), (0.9900825482952973, 0.8871532537448353), (0.9929955387076264, 0.854355370812468), (0.9940317682471553, 0.7975329883684429)]
17	[(0.9625899571693852, 0.9753282250417092), (0.9689232267460947, 0.9748971982470239), (0.9852868195985505, 0.9407911094713991), (0.9955814660335505, 0.7988354360723421)]
18	[(0.966990932029067, 0.9836536118636016), (0.972560977210874, 0.9832707344674747), (0.9824659827859946, 0.9751781187454331), (0.9886167225478838, 0.9476085024691163), (0.9953024359033295, 0.8806363808485635), (0.9967318378747372, 0.7998036404263382)]
19	[(0.9714501093903756, 0.9909370656112777), (0.9760994335498328, 0.9906193054370522), (0.990487664601042, 0.9604358147226999), (0.997583067750622, 0.8005236574477161)]
20	[(0.9750840839151065, 0.9972914134960484), (0.9792039897825023, 0.9970081178326966), (0.9924354637944706, 0.9681551317423439), (0.9982117289702418, 0.8010563524379548)]
21	[(0.9783455192661716, 1.0028265178672426), (0.9819336252287809, 1.0025802362768856), (0.99416116906105, 0.9729692443056426), (0.9986765329936765, 0.8014497618562382)]
22	[(0.9813229251801558, 1.0076148432687266), (0.9843805181681435, 1.0074064418650013), (0.995448957829578, 0.9776169790178585), (0.9990206886141357, 0.8017408484945079)]
23	[(0.9839562731433312, 1.011725006931215), (0.9865850325892868, 1.0115459596961731), (0.9965467337116282, 0.9801428604562319), (0.999275480835466, 0.8019564983634733)]
24	[(0.9862094055315713, 1.0152516616837037), (0.9888150694726028, 1.015025661635443), (0.997407419086346, 0.9816389998560456), (0.9994639615184684, 0.8021161469621633)]
25	[(0.9881533453590945, 1.0182822410146026), (0.9903886694647124, 1.018088570930018), (0.997879126857441, 0.9874562221859811), (0.9996032643826694, 0.8022341859583959)]
26	[(0.9898045601035741, 1.0208898868450196), (0.9917434147854313, 1.0207200611789233), (0.9983833913352961, 0.9892780009158034), (0.9997065045801692, 0.8023215690890245)]
27	[(0.9912045109414356, 1.0231378676593215), (0.9928925751211561, 1.022988305112452), (0.9986934785396748, 0.9935580940795811), (0.9997828362893443, 0.8023862075708298)]
28	[(0.9924060700607646, 1.0250785417472386), (0.9938650915727334, 1.0249489584084357), (0.998966051520845, 0.9964058345043854), (0.9998393195457764, 0.8024340494883335)]
29	[(0.9934447536127511, 1.0267541870672006), (0.9947022679804418, 1.0266426140826315), (0.9992096856900907, 0.9978024365646826), (0.9998811087326847, 0.802469450512028)]
30	[(0.9943430705786773, 1.0282004660639399), (0.995427921611491, 1.028104253711293), (0.9993426452605771, 1.0017396725912247), (0.9999120271810092, 0.8024956417398127)]

Pmax=? [ (F pc=-1)&(G pc!=-2) ]:
N	Result
1	0.0
2	0.14361183175554326
3	0.18194068906165264
4	0.21442711532038514
5	0.2602173717582744
6	0.29024317315460435
7	0.31913514923132913
8	0.3522849357944627
9	0.38271816273664094
10	0.40815566720371715
11	0.4308824621417932
12	0.451886806830499
13	0.4713768644012536
14	0.4894022444800591
15	0.5060649318657717
16	0.5214726239398497
17	0.5357241184386674
18	0.5489078235202987
19	0.5611044170407424
20	0.5723880138842196
21	0.5828270279874506
22	0.5924847081014906
23	0.6014195555453745
24	0.6096856816021153
25	0.6173331404287786
26	0.6244082364294727
27	0.6309538071405463
28	0.637009483577047
29	0.6426119305417201
30	0.6477950687414954

Pmax=? [ (F pc=-1) ]/Pmax=? [ (G pc!=-2) ]:
N	Result
1	0.0
2	0.49479143314236196
3	0.6886794005480752
4	0.8310029501066886
5	0.92288934335449
6	0.9951571261061662
7	1.0519730019979041
8	1.1008955962194968
9	1.1438654118358693
10	1.180582796659708
11	1.205448050523916
12	1.2250246614267286
13	1.2417688073532545
14	1.2564420830955323
15	1.269234200047794
16	1.280495588773131
17	1.2905238351707191
18	1.2995348702737484
19	1.3076821189763863
20	1.3150877063794382
21	1.3218503717081318
22	1.3280489534486903
23	1.3337466743464383
24	1.338995551018928
25	1.3438397957871187
26	1.3483167407560692
27	1.3524586038410926
28	1.356293458411502
29	1.359846094282012
30	1.3631386318282874

Pmax=? [ (F pc=-1)&(G pc!=-2) ]/Pmax=? [ (G pc!=-2) ]:
N	Result
1	0.0
2	0.1484252932242572
3	0.19356848197542134
4	0.23226769328951477
5	0.28803077899197677
6	0.32841720111407585
7	0.3689036515520893
8	0.4156425286772297
9	0.46048194204959525
10	0.4999886301924225
11	0.5337546704366634
12	0.564848916920497
13	0.594116388159548
14	0.6216836674792964
15	0.647533969877816
16	0.6717525694902562
17	0.6944331200296444
18	0.7156637621263978
19	0.7355239241102907
20	0.7540889552250922
21	0.7714310865434921
22	0.7876200210850065
23	0.8027229194861386
24	0.8168043284513211
25	0.8299260933071322
26	0.8421473135408726
27	0.8535243243193633
28	0.8641107011787884
29	0.8739572846520333
30	0.88311222325184

Pmax=? [ (F pc=-1) ]:
N	Result
1	0.0
2	0.47874524959275605
3	0.6473099514940284
4	0.7671732684407347
5	0.8337714468984394
6	0.8794836600782753
7	0.9100521493009033
8	0.9330828961724551
9	0.9506954103070235
10	0.963745033310912
11	0.9731182746726029
12	0.9800363707144248
13	0.9852296593513088
14	0.9890972011849295
15	0.9919401125628875
16	0.9940317684644349
17	0.995581466349716
18	0.996731838302457
19	0.9975830683283443
20	0.9982117296936017
21	0.9986765338154708
22	0.9990206895002407
23	0.9992754817677879
24	0.9994638700470939
25	0.9996032755888061
26	0.9997064227444943
27	0.9997827604667436
28	0.9998392501597759
29	0.9998810459416297
30	0.9999119709359696

Pmax=? [ F pc=-2 ]:
N	Result
1	0.0019719544259421563
2	0.3746309829276873
3	0.5158731245573567
4	0.6129528800771967
5	0.6736112969371014
6	0.7094901673435292
7	0.7342239903380349
8	0.7546546302265286
9	0.7708779244201206
10	0.7829230716664678
11	0.7918037943757451
12	0.7986227329043822
13	0.8039396089895061
14	0.8080282341292124
15	0.8111293490216969
16	0.8134870245669521
17	0.8152937825918446
18	0.8166812546785958
19	0.8177433555705392
20	0.818554677571851
21	0.8191749859148597
22	0.8196499644102438
23	0.8200137226464369
24	0.8202921239494024
25	0.8205051355692192
26	0.8206681571376448
27	0.8207929540852447
28	0.8208884887289827
29	0.8209616135866465
30	0.8210175837346732

Pmax=? [ F pc=-2 ]/Pmax=? [ G pc!=-1 ]:
N	Result
1	0.0019719544259421563
2	0.38930303814828504
3	0.5574275064030861
4	0.6882562439337466
5	0.7856152317502169
6	0.8594465105463102
7	0.9238176295158556
8	0.9863240365226086
9	1.0466628883112763
10	1.10441796371122
11	1.1605791776678385
12	1.216453828849526
13	1.2727067028154426
14	1.3296399902738505
15	1.3875490801014947
16	1.4467841066854294
17	1.5076564257705352
18	1.570408523673228
19	1.6352425123524876
20	1.7023471722236585
21	1.7719024786699094
22	1.844077221913766
23	1.919030524818475
24	1.9969161352544818
25	2.077885648675436
26	2.1620900775958924
27	2.2496808946378657
28	2.340811171392242
29	2.435636691572833
30	2.5343168528706337

Pmax=? [ (F pc=-2)&(G pc!=-1) ]/Pmax=? [ G pc!=-1 ]:
N	Result
1	0.0019719544259421563
2	0.04105198789201422
3	0.04298240871314938
4	0.04730575702613415
5	0.1788838435665598
6	0.20686792956396724
7	0.21159536221770517
8	0.21440467349019626
9	0.21788262522725765
10	0.22159376432832115
11	0.2253975995081937
12	0.22924377159069198
13	0.2331136126483825
14	0.23700613015375674
15	0.2409183269113626
16	0.2448461790456686
17	0.24878546580833447
18	0.2527317824557197
19	0.2566807974347637
20	0.26062840642070073
21	0.26457079627004465
22	0.26850446194365607
23	0.2724262006853976
24	0.27633310759561536
25	0.28022251438271334
26	0.28409230668343227
27	0.2879415291108634
28	0.2917693011168304
29	0.295574914031921
30	0.29935777906875205

Pmin=? [ F k=N ]:
N	Result
1	1.0
2	1.0
3	0.521254750407244
4	0.35269004850597174
5	0.23282673155926503
6	0.16622855308540474
7	0.1205163389125327
8	0.08994785068241122
9	0.06691710333165057
10	0.049304588681221666
11	0.036254965278089746
12	0.02688170348257507
13	0.019963598736134062
14	0.014770307410686741
15	0.010902797324873212
16	0.008059885199008994
17	0.0059682286431826295
18	0.004418530133708247
19	0.003268157485318769
20	0.002416926705435925
21	0.0017882645928498741
22	0.001323459916216308
23	9.793037405212127E-4
24	7.245110879950502E-4
25	5.360300889842559E-4
26	3.9662870271928803E-4
27	2.9348681862254153E-4
28	2.1715521523008692E-4
29	1.6067218944572776E-4
30	1.1888331846836859E-4

Pmin=? [ (F k=N)&(G pc>0) ]:
N	Result
1	0.0
2	0.0
3	0.0
4	0.0
5	0.0
6	0.0
7	0.0
8	0.0
9	0.0
10	0.0
11	0.0
12	0.0
13	0.0
14	0.0
15	0.0
16	0.0
17	0.0
18	0.0
19	0.0
20	0.0
21	0.0
22	0.0
23	0.0
24	0.0
25	0.0
26	0.0
27	0.0
28	0.0
29	0.0
30	0.0

Pmin=? [ (F k=N)&(G pc!=-2) ]/Pmin=? [ (F k=N) ]:
N	Result
1	0.9980280455740579
2	0.6253690170723127
3	0.6989565969315786
4	0.664129097215258
5	0.657408010315935
6	0.6271280581060906
7	0.6163396021098968
8	0.5936765308370165
9	0.5619625953412775
10	0.5343744280640406
11	0.5135909865265791
12	0.4912306785309512
13	0.4670347688101066
14	0.4442863976394871
15	0.4241786333381689
16	0.40516929344727365
17	0.38632483354496955
18	0.36807159270281387
19	0.3509348071250089
20	0.3347764518598408
21	0.31926753157673504
22	0.3043512932392035
23	0.2901396176059268
24	0.276650467335031
25	0.2637962444435501
26	0.2515086765233932
27	0.23977876709105625
28	0.22860503173388275
29	0.21796016071568497
30	0.20780743206378394

Pmax=? [ pc!=-2 U<=N false ]:
N	Result
1	0.0
2	0.0
3	0.0
4	0.0
5	0.0
6	0.0
7	0.0
8	0.0
9	0.0
10	0.0
11	0.0
12	0.0
13	0.0
14	0.0
15	0.0
16	0.0
17	0.0
18	0.0
19	0.0
20	0.0
21	0.0
22	0.0
23	0.0
24	0.0
25	0.0
26	0.0
27	0.0
28	0.0
29	0.0
30	0.0

Pmin=? [ pc>0 U k=N ]:
N	Result
1	1.0
2	0.0
3	0.0
4	0.0
5	0.0
6	0.0
7	0.0
8	0.0
9	0.0
10	0.0
11	0.0
12	0.0
13	0.0
14	0.0
15	0.0
16	0.0
17	0.0
18	0.0
19	0.0
20	0.0
21	0.0
22	0.0
23	0.0
24	0.0
25	0.0
26	0.0
27	0.0
28	0.0
29	0.0
30	0.0
