multi(Pmax=? [ F pc=-1 ], Pmax=? [ F pc=-2 ]):
N	Result
1	[(0.0, 0.010556927734841846)]
2	[(0.01519450986245696, 0.3046414909695319), (0.024284674107100925, 0.0851708373282427)]
3	[(0.028072189859095216, 0.5493093073732869), (0.036354228689632694, 0.5389760044185875), (0.07148366401894181, 0.2756238491420373), (0.07549334734508818, 0.17881505704541084)]
4	[(0.11517369770179345, 0.2597153713999142), (0.0989552888095666, 0.38948552055068975), (0.11703368312535123, 0.0), (0.09818131730526004, 0.39399131694794887), (0.050933998354169355, 0.6547249889515776), (0.03221407854360059, 0.6880139498731843), (0.03482699961515981, 0.6879815005896023), (0.04104126141844553, 0.6810343396350407)]
5	[(0.03920365270333708, 0.7727693753164722), (0.0, 0.7729749825172286), (0.047089206057466027, 0.7614975563440519), (0.061872228807987956, 0.7183498404422296), (0.11970571275128489, 0.476124299651982), (0.1409333214282476, 0.35886278401351407), (0.15053383773439555, 0.28610988116709385), (0.1520199146766598, 0.24254139393748353)]
6	[(0.1366222524275191, 0.5438428350030179), (0.05368760025303851, 0.80839021340784), (0.16221039432240464, 0.4366916002521015), (0.17581648501421931, 0.3607508057143969), (0.18163681183904506, 0.30186276574299775), (0.1824418725114746, 0.2680281049882352), (0.037532273678183146, 0.8265404124821243), (0.04231583899517821, 0.8261292887912752), (0.04741331070435314, 0.8212599981324094)]
7	[(0.044565195128069224, 0.8613075244847272), (0.0, 0.8621930745287316), (0.05552642417084466, 0.8467777837508593), (0.14224139272623573, 0.6246398293510638), (0.1830560083747163, 0.4908491406682162), (0.20130859899641446, 0.40566306495294435), (0.20879362325441453, 0.32454224679484583), (0.20948952522842312, 0.2936310457302919)]
8	[(0.04259478847735649, 0.8867833829218986), (0.0, 0.8869286494918621), (0.05747437167378566, 0.8719724983263881), (0.14983594714446374, 0.6768015108685423), (0.21021652703945212, 0.508821691414653), (0.22537377246182877, 0.4319896532285743), (0.23317782714465454, 0.3443198745751169), (0.2336801338097355, 0.318581416291011)]
9	[(0.044013604932457435, 0.904271968378064), (0.0, 0.9045864947617166), (0.05971771388473423, 0.8883969407960972), (0.1551602414721502, 0.7164401546864716), (0.23040922803041822, 0.5365407516559454), (0.24746433322973727, 0.4491652339913938), (0.254946845620396, 0.36438425810536634), (0.25537611893869694, 0.341587126196955)]
10	[(0.04438794674529277, 0.9172132663666908), (0.0, 0.9174201040611258), (0.06099020010746743, 0.9009559638752485), (0.2030377597631807, 0.666543484543387), (0.2500111779272243, 0.5511144370970668), (0.2675424778655995, 0.46176771794769944), (0.2744865021556095, 0.3828317042130201), (0.2748626730757584, 0.36250958693660473)]
11	[(0.04444293753737508, 0.9268265561962743), (0.0, 0.9268767132228479), (0.06181587443083848, 0.9102683801444336), (0.2855615360222391, 0.4727246851598984), (0.2673055145058946, 0.5621967228653939), (0.29204297406346413, 0.39961274729226437), (0.29237702594752435, 0.38136749755998867), (0.16286938230729364, 0.7659154965625843), (0.20798281574586455, 0.6944621542967235), (0.244757350897988, 0.6251407169284436)]
12	[(0.04514056552823828, 0.9337689580447546), (0.0, 0.9338779886580739), (0.06254847371096967, 0.9169293768177549), (0.2957932576714352, 0.5192374722705069), (0.27606080316700393, 0.592104703731833), (0.3077948157008996, 0.4153695263034382), (0.308126369839146, 0.39834158559596744), (0.1652309536675416, 0.7817145904093248), (0.2114769494691724, 0.7156427068498799), (0.24964677146106498, 0.6529570594898562)]
13	[(0.04540457725367206, 0.9389781657087282), (0.0, 0.9390855939880136), (0.06309090114647968, 0.9218210891507383), (0.31094177649634513, 0.5239796292792537), (0.29239530496341837, 0.5916075945257827), (0.3220212142755124, 0.4284343975774012), (0.32229236998714655, 0.41361321891368175), (0.16729067380679946, 0.7930984152870995), (0.24083614503777584, 0.6934089913090928), (0.26652477212411146, 0.6503411953029496)]
14	[(0.045509802591700385, 0.9428760287810891), (0.0, 0.9429689509310502), (0.06349209776973197, 0.9254150496093834), (0.32479375423695445, 0.5268945243079248), (0.30786673835335315, 0.5885437932881524), (0.33479519264551294, 0.4406292255901563), (0.3350360430849091, 0.42735156709421673), (0.16839669285183878, 0.8021374501195142), (0.24315792532862385, 0.7076902186723251), (0.2835057668316035, 0.643635343826572)]
15	[(0.04555361807841671, 0.9457891443051831), (0.0, 0.9458872927105233), (0.06378853551977991, 0.9280555120891063), (0.3372735910835022, 0.5293678351407175), (0.3219149704705757, 0.5852624897042813), (0.3462844947020714, 0.45165586306625505), (0.3465010924245976, 0.4397098703201936), (0.16963919423933668, 0.8083722350096361), (0.257877147294545, 0.7013414820908285), (0.29855804467607333, 0.637541285524305)]
16	[(0.34850989248578557, 0.5315252982263559), (0.3346417183379354, 0.5819899932848027), (0.35663694983708377, 0.4611997748214452), (0.35681627414598616, 0.45082673923858113), (0.0449240985208529, 0.9480905743057149), (0.04590763464742441, 0.9478003905666792), (0.06121865803034115, 0.9329568276607986), (0.0976040512091457, 0.8932839072758112), (0.21843517417570182, 0.7589106781680572), (0.26991270923009536, 0.6964369096967847), (0.31295923488029187, 0.6302753285773697)]
17	[(0.35862297732823695, 0.5334373899132075), (0.34609939367939746, 0.5789868517116361), (0.36593585838227777, 0.47015906042796696), (0.36609717515253387, 0.4608270459792183), (0.04495148930494777, 0.9497578105959255), (0.04565155716220364, 0.9495735800093897), (0.061372562165077124, 0.93434813526254), (0.097871258936299, 0.8953979650380703), (0.21921700642409084, 0.7638872309468481), (0.27472385921712583, 0.699264512003096), (0.31655741455768327, 0.6400641230914755)]
18	[(0.36762685177368387, 0.5356738166862585), (0.3559222047695962, 0.5775078668671898), (0.374302550406726, 0.4782182608130665), (0.37444766461097, 0.4698231447094128), (0.04497002172246269, 0.9510206931809086), (0.04531546740169552, 0.9509669714503528), (0.05219972483557341, 0.9447372588088583), (0.0642888120633506, 0.9324663751049106), (0.21979506478774924, 0.7676110148479259), (0.2761975392695777, 0.7042545848943764), (0.32916047610848725, 0.63229139569194)]
19	[(0.045248035867174484, 0.9519364800705896), (0.0, 0.9519778205112119), (0.06351883134377259, 0.9341214793832542), (0.375825258852327, 0.5371543221191217), (0.3651617328800302, 0.5751373580734397), (0.3818305913713298, 0.48546824061163885), (0.38196113015685584, 0.47791606328694514), (0.22022240104173124, 0.7703952302425703), (0.291595574357737, 0.6913543142967667), (0.341194284030922, 0.6241565970961775)]
20	[(0.04509891540149035, 0.9526979224503952), (0.052874955313324944, 0.9454766502996901), (0.38320199040695263, 0.5384854883365682), (0.3681715307066481, 0.5861834930829816), (0.3886041301441764, 0.49199051479860534), (0.38872155841503425, 0.48519663349195336), (0.22053829564094937, 0.772475355792986), (0.2921919025155587, 0.6950813727870176), (0.3424533970357771, 0.6316193622979566)]
21	[(0.045052231578347965, 0.9532523277277818), (0.04871667217781055, 0.9500247641805404), (0.3898393387538535, 0.5396835172365437), (0.3762307565086934, 0.58281428337175), (0.3946988565315691, 0.4978582927122096), (0.39480449231409015, 0.4917465220623361), (0.2207718071280777, 0.7740283414035722), (0.2928933143742887, 0.6975825059921554), (0.34385559398419385, 0.636602477196641)]
22	[(0.0450439919134009, 0.9536701270262398), (0.04743496976557903, 0.9516182181230233), (0.30768067547396444, 0.6838854509334096), (0.3835626034598696, 0.5795862998853014), (0.39581142369867106, 0.5407621910898779), (0.4001828566018236, 0.5031373660451388), (0.4002778854456143, 0.4976391615618777)]
23	[(0.04501258896733981, 0.9539878664017678), (0.04675504431188618, 0.9525321252477688), (0.3202772958672213, 0.6723109882698775), (0.39016036868008797, 0.5766800985957585), (0.40118496051808483, 0.5417335804569724), (0.4051173792355486, 0.5078868824318648), (0.4052028674101331, 0.5029405863125382)]
24	[(0.04501359098295908, 0.9542281314544465), (0.0463421352411017, 0.9531203183119334), (0.3218451720957874, 0.6725341385504685), (0.39606298425010944, 0.5741447095882), (0.40601998097930214, 0.5426084175401226), (0.40955752430322334, 0.512160028143795), (0.4096344307651534, 0.5077101822224566)]
25	[(0.045014319712812834, 0.954410416688267), (0.04591557317334705, 0.9536730651009071), (0.33389794603613526, 0.6611059134889672), (0.4013231840442151, 0.5719803378162515), (0.4103704954218058, 0.5433963146639889), (0.41355286103389827, 0.5160046353596365), (0.413622048226157, 0.5120013593864305)]
26	[(0.4171479839143908, 0.5194637247976923), (0.4061327580529702, 0.5698562661813258), (0.4172102274902989, 0.0), (0.045012049145272404, 0.954548751849813), (0.045649086973881946, 0.9540367176996163), (0.3348106285769681, 0.6614242598033853)]
27	[(0.4203830125517231, 0.5225759918768311), (0.41046892919654404, 0.5679257651600607), (0.4204390101218699, 0.0), (0.045013116011822535, 0.9546536741597864), (0.045498693586488045, 0.9542632498422378), (0.34609263996776696, 0.6505344042748237)]
28	[(0.4233443275682045, 0.5224909735154335), (0.4143709811878875, 0.566188171651673), (0.04501391690666161, 0.9547332814151281), (0.045317864534539176, 0.9544978880017433), (0.355571489823708, 0.6414420928958993)]
29	[(0.4259587844112176, 0.5252999697811042), (0.41788240305709345, 0.5646242060356399), (0.04501451869601979, 0.9547936820753298), (0.045245786278720584, 0.9546145187075439), (0.3565151156786449, 0.6412269154271504)]
30	[(0.4283114369640527, 0.5278273558499434), (0.4210423252999399, 0.5632165127436867), (0.0450149711981164, 0.9548395104126646), (0.045176636385602736, 0.9547164533905554), (0.3654414525305051, 0.6325432118781344)]

Pmax=? [ (F pc=-1)&(G pc!=-2) ]:
N	Result
1	0.0
2	0.024284674107100925
3	0.07549334734508818
4	0.11703368312535123
5	0.1520199146766598
6	0.1824418725114746
7	0.20948952522842312
8	0.2336801338097355
9	0.25537611893869694
10	0.2748626730757584
11	0.29237702594752435
12	0.308126369839146
13	0.32229236998714655
14	0.3350360430849091
15	0.3465010924245976
16	0.35681627414598616
17	0.36609717515253387
18	0.37444766461097
19	0.38196113015685584
20	0.38872155841503425
21	0.39480449231409015
22	0.4002778854456143
23	0.4052028674101331
24	0.4096344307651534
25	0.413622048226157
26	0.4172102274902989
27	0.4204390101218699
28	0.4233444202039409
29	0.42595886784665715
30	0.4283115121119009

Pmax=? [ (F pc=-1) ]/Pmax=? [ (G pc!=-2) ]:
N	Result
1	0.0
2	0.025673575410556482
3	0.08407363731845173
4	0.1364030074165939
5	0.184821757049889
6	0.23128993508944057
7	0.27682637992993836
8	0.3216996479495967
9	0.36601234670324617
10	0.40979863347010986
11	0.45305369543307317
12	0.4957540353779749
13	0.53786078350274
14	0.5764103804945195
15	0.6114168953334399
16	0.6436024231904954
17	0.6734141908733337
18	0.7010835940636294
19	0.7267547555602413
20	0.7505368417492585
21	0.7725260446247425
22	0.7928149198132495
23	0.8114958912447063
24	0.8286620167739092
25	0.8444065724237628
26	0.8588221981868438
27	0.8719999652169864
28	0.8840285268310593
29	0.8949934165688154
30	0.9049765079474259

Pmax=? [ (F pc=-1)&(G pc!=-2) ]/Pmax=? [ (G pc!=-2) ]:
N	Result
1	0.0
2	0.025673575410556482
3	0.08407363731845173
4	0.1364030074165939
5	0.184821757049889
6	0.23128993508944057
7	0.27682637992993836
8	0.3216996479495967
9	0.36601234670324617
10	0.40979863347010986
11	0.45305369543307317
12	0.4957540353779749
13	0.53786078350274
14	0.5764103804945195
15	0.6114168953334399
16	0.6436024231904954
17	0.6734141908733337
18	0.7010835940636294
19	0.7267547555602413
20	0.7505368417492585
21	0.7725260446247425
22	0.7928149198132495
23	0.8114958912447063
24	0.8286620167739092
25	0.8444065724237628
26	0.8588221981868438
27	0.8719999652169864
28	0.8840285268310593
29	0.8949934165688154
30	0.9049765079474259

Pmax=? [ (F pc=-1) ]:
N	Result
1	0.0
2	0.024284674107100925
3	0.07549334734508818
4	0.11703368312535123
5	0.1520199146766598
6	0.1824418725114746
7	0.20948952522842312
8	0.2336801338097355
9	0.25537611893869694
10	0.2748626730757584
11	0.29237702594752435
12	0.308126369839146
13	0.32229236998714655
14	0.3350360430849091
15	0.3465010924245976
16	0.35681627414598616
17	0.36609717515253387
18	0.37444766461097
19	0.38196113015685584
20	0.38872155841503425
21	0.39480449231409015
22	0.4002778854456143
23	0.4052028674101331
24	0.4096344307651534
25	0.413622048226157
26	0.4172102274902989
27	0.4204390101218699
28	0.4233444202039409
29	0.42595886784665715
30	0.4283115121119009

Pmax=? [ F pc=-2 ]:
N	Result
1	0.010556927734841846
2	0.3046414909695319
3	0.5493093073732869
4	0.6880139498731843
5	0.7729749825172286
6	0.8265404124821243
7	0.8621930745287316
8	0.8869286494918621
9	0.9045864947617166
10	0.9174201040611258
11	0.9268767132228479
12	0.9338779886580739
13	0.9390855939880136
14	0.9429689509310502
15	0.9458872927105233
16	0.9480905743057149
17	0.9497578105959255
18	0.9510206931809086
19	0.9519778205112119
20	0.9527034925037953
21	0.9532538299790178
22	0.9536712722810752
23	0.9539879460122179
24	0.9542281918830903
25	0.9544104625571064
26	0.954548751849813
27	0.9546536741597864
28	0.9547332814151281
29	0.9547936820753298
30	0.9548395104126646

Pmax=? [ F pc=-2 ]/Pmax=? [ G pc!=-1 ]:
N	Result
1	0.010556927734841846
2	0.30564206800567434
3	0.5531832838025539
4	0.6955950157772105
5	0.7847257208573568
6	0.8426937042911604
7	0.8828835379663726
8	0.912229104589298
9	0.9344066661073668
10	0.9514084519893489
11	0.9634648755519912
12	0.9721934261141908
13	0.9786343996702682
14	0.983455163444144
15	0.9871225565842386
16	0.9899466476925932
17	0.9921411614463255
18	0.9938592072622542
19	0.9952135749408666
20	0.9962885928336086
21	0.9971477415981626
22	0.9978102345671054
23	0.9983198575586468
24	0.9987128481620348
25	0.9990169932688171
26	0.9992511900249877
27	0.9994304950884865
28	0.9995672373005886
29	0.9996713033013884
30	0.999750417674963

Pmax=? [ (F pc=-2)&(G pc!=-1) ]/Pmax=? [ G pc!=-1 ]:
N	Result
1	0.010556927734841846
2	0.30564206800567434
3	0.5531832838025539
4	0.6955950157772105
5	0.7847257208573568
6	0.8426937042911604
7	0.8828835379663726
8	0.912229104589298
9	0.9344066661073668
10	0.9514084519893489
11	0.9634648755519912
12	0.9721934261141908
13	0.9786343996702682
14	0.983455163444144
15	0.9871225565842386
16	0.9899466476925932
17	0.9921411614463255
18	0.9938592072622542
19	0.9952135749408666
20	0.9962885928336086
21	0.9971477415981626
22	0.9978102345671054
23	0.9983198575586468
24	0.9987128481620348
25	0.9990169932688171
26	0.9992511900249877
27	0.9994304950884865
28	0.9995672373005886
29	0.9996713033013884
30	0.999750417674963

Pmin=? [ F k=N ]:
N	Result
1	1.0
2	0.9894430722651583
3	0.6801639991680113
4	0.4223189551988103
5	0.2767621978027901
6	0.18750662880841412
7	0.13101332402243523
8	0.09360919984673599
9	0.06779330643434056
10	0.049504083077475086
11	0.03626121988728412
12	0.02658022714886226
13	0.01948507889436325
14	0.014284482255693409
15	0.010473643614793193
16	0.007681584212680143
17	0.005635709119127566
18	0.004136162807594604
19	0.0030366492057668924
20	0.0022301434477382635
21	0.0016383434531864875
22	0.00120393904425721
23	8.84963910881499E-4
24	6.50672949313726E-4
25	4.7853202348602773E-4
26	3.5201847744409614E-4
27	2.5901290995415443E-4
28	1.9062256356994214E-4
29	1.4032005410010814E-4
30	1.0331264481001546E-4

Pmin=? [ (F k=N)&(G pc>0) ]:
N	Result
1	0.0
2	0.0
3	0.0
4	0.0
5	0.0
6	0.0
7	0.0
8	0.0
9	0.0
10	0.0
11	0.0
12	0.0
13	0.0
14	0.0
15	0.0
16	0.0
17	0.0
18	0.0
19	0.0
20	0.0
21	0.0
22	0.0
23	0.0
24	0.0
25	0.0
26	0.0
27	0.0
28	0.0
29	0.0
30	0.0

Pmin=? [ (F k=N)&(G pc!=-2) ]/Pmin=? [ (F k=N) ]:
N	Result
1	0.9894430722651582
2	0.7027776822354878
3	0.6467003525600468
4	0.68535122957193
5	0.7097528128282647
6	0.7313714978020381
7	0.7468117688455818
8	0.7560127031888473
9	0.7617688590814522
10	0.7639806522083556
11	0.7645858197938915
12	0.764767068364697
13	0.7649552588500601
14	0.7652309879725269
15	0.765582112633102
16	0.7659675482439532
17	0.7663569276368678
18	0.7667346195971038
19	0.7670955244026164
20	0.7674392937841329
21	0.7677671644889427
22	0.768080433962904
23	0.7683800638905588
24	0.768666704250602
25	0.7689408306778655
26	0.7692028493473374
27	0.7694531525502838
28	0.7696921374216401
29	0.7699202071332937
30	0.7701377663422352

Pmax=? [ pc!=-2 U<=N false ]:
N	Result
1	0.0
2	0.0
3	0.0
4	0.0
5	0.0
6	0.0
7	0.0
8	0.0
9	0.0
10	0.0
11	0.0
12	0.0
13	0.0
14	0.0
15	0.0
16	0.0
17	0.0
18	0.0
19	0.0
20	0.0
21	0.0
22	0.0
23	0.0
24	0.0
25	0.0
26	0.0
27	0.0
28	0.0
29	0.0
30	0.0

Pmin=? [ pc>0 U k=N ]:
N	Result
1	1.0
2	0.0
3	0.0
4	0.0
5	0.0
6	0.0
7	0.0
8	0.0
9	0.0
10	0.0
11	0.0
12	0.0
13	0.0
14	0.0
15	0.0
16	0.0
17	0.0
18	0.0
19	0.0
20	0.0
21	0.0
22	0.0
23	0.0
24	0.0
25	0.0
26	0.0
27	0.0
28	0.0
29	0.0
30	0.0
