multi(Pmax=? [ F pc=-1 ], R{"defaultControllerUsed"}max=? [ C ]):
N	Result
1	[(0.0, 0.4820532228507689)]
2	[(0.43647720152428615, 1.1822528137617612)]
3	[(0.4808664792566454, 1.6024466120334797), (0.6631192080770117, 1.5594195609953356), (0.6633391209878176, 1.559216499478303)]
4	[(0.5567053702395229, 1.9799098559172497), (0.7084146850051719, 1.9440936326341558), (0.8178641916130283, 1.7773585242560073), (0.8179958446538322, 1.77699783640072)]
5	[(0.6191669683224287, 2.3027134543836008), (0.7454515860377975, 2.2728996089232827), (0.7489084889611595, 2.2710507266518607), (0.8399725587136869, 2.132124575371628), (0.8929471989179405, 1.893616362940512)]
6	[(0.6780379759197068, 2.580217305935987), (0.7831876206259902, 2.5553965384248984), (0.7859865443171855, 2.554014370758847), (0.8619664501205244, 2.438291128352882), (0.863281185069387, 2.434560852192723), (0.907370840995755, 2.2359928627851176), (0.939201587216536, 1.9659028673549017), (0.9399732526000559, 1.8735331075511052)]
7	[(0.7268327055716821, 2.8162724118424722), (0.8151263169373049, 2.7954324572417795), (0.8176904436411269, 2.794165493830066), (0.8179357676477658, 2.7939040259034345), (0.8810640508063801, 2.6975738009004973), (0.883129684600932, 2.691189097572689), (0.9202776356632557, 2.523270890346352), (0.9467845769129006, 2.298369383858444), (0.9468300980364318, 2.2978117557792923), (0.9630648375052214, 2.0066250287334317), (0.9649302372165744, 1.869703076801298)]
8	[(0.7684846728412418, 3.017208214303965), (0.8424851877464689, 2.9997429156068485), (0.8449743827144847, 2.9984123796191886), (0.8979197177587754, 2.9176913575756425), (0.8980152158149903, 2.9174737227453895), (0.9007935329154753, 2.9084226951091683), (0.9317511641438583, 2.768424810007743), (0.9538158543855229, 2.581190531427547), (0.9676165136816036, 2.333865231041547), (0.97959289877419, 1.9384408413595773), (0.9805227582624934, 1.872480676682113)]
9	[(0.8037908518621768, 3.187957074032256), (0.8658526624923062, 3.1733102532762247), (0.8680881262660389, 3.1721160197701064), (0.9718076293825878, 2.6048767533284947), (0.9599066326736396, 2.820831114310253), (0.9886738324182668, 1.8760431129760482), (0.9124636999486524, 3.104461576298295), (0.9148390388064196, 3.0971008948782246), (0.9415275996405692, 2.976769358123897)]
10	[(0.8337533110672279, 3.3329539386555203), (0.8858524890748527, 3.3206604682244754), (0.8878484052795297, 3.319565943690566), (0.9837453833464446, 2.56263661906915), (0.9653117894303784, 3.0228610457530127), (0.9931986851058903, 1.8781194982022769), (0.9250324153894287, 3.2628710885200167), (0.9272792604870503, 3.2558939449860786), (0.9498527274210837, 3.154147028696096)]
11	[(0.8591244283409961, 3.4560054554529844), (0.9569869132529611, 3.30462396944153), (0.9358358261787123, 3.39713468654397), (0.9781783058002145, 3.0466079813230067), (0.9903353867043132, 2.529689798661229), (0.9956086358010865, 1.8800321669697542), (0.9028843117635561, 3.4456807506146117), (0.9044542691789037, 3.444908453484909), (0.9046240413256041, 3.4447236217381656)]
12	[(0.8806101563676503, 3.560402672605899), (0.9630702157560151, 3.432462049659047), (0.9450994085354409, 3.510927974952544), (0.9813047005555837, 3.204159540008097), (0.9911647415008191, 2.779577151172952), (0.9969852482189777, 1.8817497797159506), (0.9173795787227064, 3.551727947813763), (0.9187353357567842, 3.5510610555731805), (0.9188855613499013, 3.5508965003617403)]
13	[(0.8987998010237608, 3.6489575871696944), (0.9308715555942486, 3.6410932634015776), (0.9530288469524997, 3.60736573242614), (0.9941837464055474, 2.774851987711133), (0.9885087557898466, 3.1873052267925237), (0.9977759485763246, 1.8832087244068418), (0.9682232654778166, 3.5412260414690726), (0.9773927301844442, 3.4634414811855465), (0.9833016967160694, 3.357187636202113)]
14	[(0.9141979079085087, 3.724070877065695), (0.94118187819674, 3.7174499593999393), (0.9598101978510707, 3.6890954632150486), (0.9803893930695873, 3.567711044389656), (0.9898171378516698, 3.333217917276853), (0.9958036718594853, 2.785574092520992), (0.998263020473902, 1.884438005820095)]
15	[(0.9272322432478344, 3.787786258159311), (0.9499390108627328, 3.782211812511264), (0.965605273753346, 3.758366893777664), (0.9829789462509206, 3.6560135174719095), (0.9909547160581982, 3.457712810773026), (0.9959945997160569, 2.9965581506047014), (0.9985822857483388, 1.885503487120129)]
16	[(0.9382663752178471, 3.841840904657841), (0.9573766009652014, 3.837147201708544), (0.9705552849680025, 3.817089277652951), (0.9852438210265977, 3.730436018519975), (0.994003839608727, 3.446050770183648), (0.9969066092782108, 2.9997066991160546), (0.9988089713962032, 1.8864325380863887)]
17	[(0.9476083593330304, 3.887709274170745), (0.9636938715417592, 3.88375683611448), (0.9747848466504867, 3.866875936055614), (0.9871794336808, 3.793776740876985), (0.9945869870010731, 3.5533330473264533), (0.9974632937707861, 3.014249839194995), (0.9989801138056956, 1.8872436709254488)]
18	[(0.9555190831064108, 3.9266416565230946), (0.969060395953979, 3.9233131143441398), (0.9783944044604432, 3.90910685942053), (0.9913356363016667, 3.802930202419316), (0.9960226591250305, 3.557867192151442), (0.9978852549338504, 3.0158814120466566), (0.9991163547591215, 1.8879538016780733)]
19	[(0.9622193039638285, 3.9596974922380803), (0.973620295875206, 3.9568940826835464), (0.9814771493540557, 3.9449364325248766), (0.9923962114245642, 3.8553663727308916), (0.9963656890943702, 3.6482315369755396), (0.9979326246140339, 3.192481153694339), (0.9992288055353493, 1.8885773512018935)]
20	[(0.9678957171079703, 3.987774058784299), (0.977495920473392, 3.9854126767404496), (0.9841105517069096, 3.975345941653361), (0.9933238196387577, 3.899774482400275), (0.9967221779527831, 3.7201464309979584), (0.9982199813371035, 3.2008882971269923), (0.9993240475119015, 1.8891257334085623)]
21	[(0.9727062438113308, 4.011631037195293), (0.9970183843006337, 3.785191721578235), (0.9863608925264165, 4.00116549578661), (0.9994057022835879, 1.8896084964870368), (0.9807911459609977, 4.009641752889614)]
22	[(0.9767842856036806, 4.031911485343676), (0.9882846466692112, 4.023097235287205), (0.9975981561864715, 3.7904900833335966), (0.9994768295503128, 1.890033854541302)]
23	[(0.9802425326100125, 4.049159693159125), (0.989929901508823, 4.0417350422002585), (0.9978168716099733, 3.8421429811350913), (0.9995389081227808, 1.8904088901666727)]
24	[(0.9831765060694637, 4.063836352910764), (0.9913379083291749, 4.057581253434233), (0.9981739569370658, 3.8465724722432384), (0.9995933043354768, 1.8907397264309136)]
25	[(0.9856666113199781, 4.076331428119193), (0.9925434673798865, 4.071060815914178), (0.9983273626076012, 3.892239745454523), (0.9996408919904698, 1.89103168900717)]
26	[(0.9877809271038415, 4.0869750574185275), (0.9935763268087205, 4.082533264688061), (0.9984746763726541, 3.9299941737183035), (0.9996829994877261, 1.8912894327272332)]
27	[(0.9895768749941857, 4.0960467852027715), (0.9944616852749997, 4.09230285195826), (0.9986917332246684, 3.9318175640643527), (0.9997200801820232, 1.8915170278951872)]
28	[(0.9911033753360653, 4.103783370675785), (0.9952213683883064, 4.100627108279304), (0.9988052663159726, 3.964261346262499), (0.9997524923990508, 1.8917180402752365)]
29	[(0.9924013794292921, 4.110385391095671), (0.9958735443253891, 4.107724076066997), (0.9989587672350461, 3.967256395842497), (0.9997813961184173, 1.8918956174380162)]
30	[(0.9935054812840475, 4.116022821394271), (0.9964336462597461, 4.11377841764034), (0.9990536479477725, 3.9924132794473923), (0.9998064740622412, 1.8920524665572696)]

Pmax=? [ (F pc=-1)&(G pc!=-2) ]:
N	Result
1	0.0
2	0.013181524685561543
3	0.013754670136033138
4	0.08749555449874183
5	0.09289333143726408
6	0.0933964822118995
7	0.09343949584218643
8	0.09379544011040633
9	0.09384625358295408
10	0.09385187504212737
11	0.09385250817638649
12	0.09385426864595672
13	0.09385463855851822
14	0.09385469048406624
15	0.09385469048406624
16	0.09385469048406624
17	0.09385469737097117
18	0.09385470638449638
19	0.09385470638449638
20	0.09385470638449638
21	0.09385470638449638
22	0.09385470638449638
23	0.09385470638449638
24	0.09385470638449638
25	0.09385470638449638
26	0.09385470638449638
27	0.09385470638449638
28	0.09385470638449638
29	0.09385470638449638
30	0.09385470638449638

Pmax=? [ (F pc=-1) ]/Pmax=? [ (G pc!=-2) ]:
N	Result
1	0.0
2	1.6171179083747327
3	2.9493215587288293
4	5.074118577016315
5	7.249013963264897
6	9.197741460664377
7	10.152259322283903
8	10.402820338374509
9	10.515217648724024
10	10.576480229445377
11	10.60692859918535
12	10.622353860357217
13	10.630956816571487
14	10.636216021308156
15	10.639617704389034
16	10.642032977188052
17	10.64385645216452
18	10.645308061792312
19	10.646506193670575
20	10.647520970554151
21	10.648390990979582
22	10.649148825834814
23	10.64981025302121
24	10.650389828381662
25	10.650896861465778
26	10.651345504818629
27	10.6517405891676
28	10.65208593279218
29	10.652393893705202
30	10.652661093609538

Pmax=? [ (F pc=-1)&(G pc!=-2) ]/Pmax=? [ (G pc!=-2) ]:
N	Result
1	0.0
2	0.04883663924315904
3	0.06115566515208012
4	0.5427445889731751
5	0.754113330366592
6	0.9138948308841909
7	0.9830990429626583
8	0.9951192910161
9	0.9981186409357996
10	0.9994198701276062
11	0.9998776801292029
12	0.9999679078936693
13	0.999988635699419
14	0.9999957347189355
15	0.9999957347189355
16	0.9999957347189355
17	0.9999958080970004
18	0.9999959041336152
19	0.9999959041336152
20	0.9999959041336152
21	0.9999959041336152
22	0.9999959041336152
23	0.9999959041336152
24	0.9999959041336152
25	0.9999959041336152
26	0.9999959041336152
27	0.9999959041336152
28	0.9999959041336152
29	0.9999959041336152
30	0.9999959041336152

Pmax=? [ (F pc=-1) ]:
N	Result
1	0.0
2	0.43647720152428615
3	0.6633391209878176
4	0.8179958446538322
5	0.8929494143215493
6	0.9399732526000559
7	0.9649302372165744
8	0.9805227582624934
9	0.9886738324182668
10	0.9931986851058903
11	0.9956086358010865
12	0.9969852482189777
13	0.9977759485763246
14	0.998263020473902
15	0.9985822857483388
16	0.9988089713962032
17	0.9989801138056956
18	0.9991163547591215
19	0.9992288055353493
20	0.9993240475119015
21	0.9994057033579302
22	0.9994768300170813
23	0.9995389083257196
24	0.9995933044238018
25	0.9996408920599513
26	0.9996829995225709
27	0.9997200802000182
28	0.9997524924572614
29	0.9997813961567166
30	0.9998064742280004

Pmax=? [ F pc=-2 ]:
N	Result
1	0.4820532228507689
2	0.93999876596086
3	0.96590142943759
4	0.982167035236426
5	0.9856145375511076
6	0.9871660860025595
7	0.9879774641595902
8	0.9884181093012208
9	0.9886553422622746
10	0.9887834480094879
11	0.9888527920990531
12	0.9888903773051512
13	0.9889107588488013
14	0.9889218134633153
15	0.9889278098217913
16	0.9889310625569347
17	0.9889328270401005
18	0.9889337842115886
19	0.9889343034460318
20	0.9889345365195386
21	0.9889347115493639
22	0.9889348064975945
23	0.9889348064975945
24	0.9889348064975945
25	0.9889348064975945
26	0.9889348064975945
27	0.9889348064975945
28	0.9889348064975945
29	0.9889348064975945
30	0.9889348064975945

Pmax=? [ F pc=-2 ]/Pmax=? [ G pc!=-1 ]:
N	Result
1	0.4820532228507689
2	1.053441144151403
3	1.2148147011197101
4	1.4136785782526453
5	1.6340265044577231
6	1.8999843814449533
7	2.2170104158260533
8	2.5951151606645886
9	3.044769223948695
10	3.5789542016658054
11	4.212661190366976
12	4.96370103681363
13	5.853029756273422
14	6.905344486902914
15	8.14969694812639
16	9.620254477941437
17	11.357167677480254
18	13.407588129164289
19	15.826839407791194
20	18.679838753128553
21	22.042623368495242
22	26.004252582649457
23	30.668868507865284
24	36.15850250933757
25	42.61515165666057
26	50.203544898521436
27	59.1177927538734
28	69.5824976206108
29	81.85960308820012
30	96.25198247636528

Pmax=? [ (F pc=-2)&(G pc!=-1) ]/Pmax=? [ G pc!=-1 ]:
N	Result
1	0.4820532228507689
2	0.7307719022588394
3	0.8447367547828947
4	0.9060029251864079
5	0.9416995904771918
6	0.9631175496995892
7	0.9763790208607432
8	0.9847379495088275
9	0.9900795884532111
10	0.9935245417342545
11	0.9957610327124446
12	0.9972195731094262
13	0.9981737885856404
14	0.9987994333856286
15	0.9992102707813894
16	0.9994803322165903
17	0.9996579780573406
18	0.9997748841754424
19	0.999851145958907
20	0.9999020650684768
21	0.9999355654657544
22	0.9999576089411608
23	0.9999696344126131
24	0.9999798528996481
25	0.9999868681408712
26	0.9999828444043726
27	0.9999875772495914
28	0.9999909249384415
29	0.999993283036996
30	0.999977444141293

Pmin=? [ F k=N ]:
N	Result
1	1.0
2	1.0
3	0.563522798475714
4	0.33666087901218245
5	0.1820041553461678
6	0.1070505856784508
7	0.060026747399944416
8	0.035069762783425634
9	0.01947724173750684
10	0.011326167581733514
11	0.006801314894110042
12	0.004391364198913635
13	0.003014751781022503
14	0.0022240514236756656
15	0.001736979526097998
16	0.0014177142516612236
17	0.0011910286037969601
18	0.0010198861943043912
19	8.836452408785041E-4
20	7.711512460759976E-4
21	6.759295972459333E-4
22	5.940820600229829E-4
23	5.230429514116073E-4
24	4.6101364350588576E-4
25	4.0664622412320647E-4
26	3.588792043914701E-4
27	3.1684406770748495E-4
28	2.7981247746713007E-4
29	2.471634542650807E-4
30	2.1836186207904967E-4

Pmin=? [ (F k=N)&(G pc>0) ]:
N	Result
1	0.0
2	0.0
3	0.0
4	0.0
5	0.0
6	0.0
7	0.0
8	0.0
9	0.0
10	0.0
11	0.0
12	0.0
13	0.0
14	0.0
15	0.0
16	0.0
17	0.0
18	0.0
19	0.0
20	0.0
21	0.0
22	0.0
23	0.0
24	0.0
25	0.0
26	0.0
27	0.0
28	0.0
29	0.0
30	0.0

Pmin=? [ (F k=N)&(G pc!=-2) ]/Pmin=? [ (F k=N) ]:
N	Result
1	0.5179467771492311
2	0.06000123403914004
3	0.05222065557471741
4	0.03854712915000973
5	0.007780957952276863
6	0.0017353486493220602
7	7.281726105529404E-4
8	4.1771546821779037E-4
9	1.3989314628039747E-4
10	4.418209953602888E-5
11	2.1052309776008374E-5
12	3.2605673669791694E-5
13	4.749425439809216E-5
14	6.437953120631833E-5
15	8.243239824284837E-5
16	1.0099594320026575E-4
17	1.202182614074257E-4
18	1.4039153469730197E-4
19	1.6203718575186787E-4
20	1.8567484493291393E-4
21	2.1183180706745662E-4
22	2.4101617885826236E-4
23	2.737507266823034E-4
24	3.1058384074300437E-4
25	3.5210799840502694E-4
26	3.9897376689120695E-4
27	4.5190490410940305E-4
28	5.117119484130372E-4
29	5.793064693189684E-4
30	6.557160974527231E-4

Pmax=? [ pc!=-2 U<=N false ]:
N	Result
1	0.0
2	0.0
3	0.0
4	0.0
5	0.0
6	0.0
7	0.0
8	0.0
9	0.0
10	0.0
11	0.0
12	0.0
13	0.0
14	0.0
15	0.0
16	0.0
17	0.0
18	0.0
19	0.0
20	0.0
21	0.0
22	0.0
23	0.0
24	0.0
25	0.0
26	0.0
27	0.0
28	0.0
29	0.0
30	0.0

Pmin=? [ pc>0 U k=N ]:
N	Result
1	1.0
2	0.0
3	0.0
4	0.0
5	0.0
6	0.0
7	0.0
8	0.0
9	0.0
10	0.0
11	0.0
12	0.0
13	0.0
14	0.0
15	0.0
16	0.0
17	0.0
18	0.0
19	0.0
20	0.0
21	0.0
22	0.0
23	0.0
24	0.0
25	0.0
26	0.0
27	0.0
28	0.0
29	0.0
30	0.0
