N	Result
0	Error: Invalid range (0-0) for variable "beta" ("[0..N]", line 33, column 10).
1	1.0
2	1.0
3	0.4328020304860908
4	0.31624820447662166
5	0.14728796160374752
6	0.11063234162477775
7	0.09253972956384714
8	0.06788721647376092
9	0.03577327327534785
10	0.025751005345197427
11	0.020265181426086357
12	0.013978349978085215
13	0.008625893816788419
14	0.006121037606593695
15	0.004607369944462868
16	0.003139986698120004
17	0.0020670297921947744
18	0.0014554080654335265
19	0.0010691682979603594
20	7.323283369550773E-4
21	4.935215312603482E-4
22	3.45759682308612E-4
23	2.504479880952184E-4
24	1.729371037074546E-4
25	1.176308811481118E-4
26	8.211937503781919E-5
27	5.890856780853985E-5
28	4.092351560785295E-5
29	2.7996522556030325E-5
30	1.9500194949758627E-5
